epoch,critic_loss,actor_loss,q1_loss,q2_loss,cost_loss,cql_q1,cql_q2,expected_immediate_cost,expected_cost_to_go,cost_budget,lagrange,expert_kl,smoothness,avg_return,survival_rate,mortality_rate,avg_length,inadmissibility_rate,expert_argmax_match,mean_kl_to_expert,policy_entropy,mean_action_deviation_from_expert,soft_survival_rate,soft_inadmissibility_rate,soft_avg_return,soft_policy_entropy,soft_mean_kl_to_expert,trajectory_mean_action_jump,trajectory_normalised_action_jump
1,0.037961386144161224,0.05757484212517738,0.019658822566270828,0.018302565440535545,0.0,0.0,0.0,0.0,0.0,0.0,0.0,0.0,0.0,,,,,,,,,,,,,,,,
2,0.025632347911596298,0.03881887346506119,0.013071229681372643,0.012561117298901081,0.0,0.0,0.0,0.0,0.0,0.0,0.0,0.0,0.0,,,,,,,,,,,,,,,,
3,0.01801113225519657,0.029031364247202873,0.009102601557970047,0.008908530697226524,0.0,0.0,0.0,0.0,0.0,0.0,0.0,0.0,0.0,,,,,,,,,,,,,,,,
4,0.014445828273892403,0.0267317034304142,0.007382136769592762,0.007063691038638353,0.0,0.0,0.0,0.0,0.0,0.0,0.0,0.0,0.0,,,,,,,,,,,,,,,,
5,0.013021005317568779,0.02634044736623764,0.006799203809350729,0.006221801973879337,0.0,0.0,0.0,0.0,0.0,0.0,0.0,0.0,0.0,,,,,,,,,,,,,,,,
6,0.01325235702097416,0.02455919049680233,0.007008545566350222,0.00624381098896265,0.0,0.0,0.0,0.0,0.0,0.0,0.0,0.0,0.0,,,,,,,,,,,,,,,,
7,0.012863684445619583,0.018565844744443893,0.006642359774559736,0.00622132420539856,0.0,0.0,0.0,0.0,0.0,0.0,0.0,0.0,0.0,,,,,,,,,,,,,,,,
8,0.012183986604213715,0.009914853610098362,0.00609260518103838,0.006091380957514048,0.0,0.0,0.0,0.0,0.0,0.0,0.0,0.0,0.0,,,,,,,,,,,,,,,,
9,0.011312568560242653,0.004135384690016508,0.005562625825405121,0.005749943200498819,0.0,0.0,0.0,0.0,0.0,0.0,0.0,0.0,0.0,,,,,,,,,,,,,,,,
10,0.00992012768983841,-0.0024352921172976494,0.004779527895152569,0.005140600260347128,0.0,0.0,0.0,0.0,0.0,0.0,0.0,0.0,0.0,,,,,,,,,,,,,,,,
11,0.008810491301119328,-0.007159290369600058,0.004200733732432127,0.0046097575686872005,0.0,0.0,0.0,0.0,0.0,0.0,0.0,0.0,0.0,,,,,,,,,,,,,,,,
12,0.007918789982795715,-0.009538169950246811,0.003830579575151205,0.004088209941983223,0.0,0.0,0.0,0.0,0.0,0.0,0.0,0.0,0.0,,,,,,,,,,,,,,,,
13,0.0070469011552631855,-0.01171820517629385,0.00339904916472733,0.0036478519905358553,0.0,0.0,0.0,0.0,0.0,0.0,0.0,0.0,0.0,,,,,,,,,,,,,,,,
14,0.0067632682621479034,-0.013100981712341309,0.003249709727242589,0.003513558767735958,0.0,0.0,0.0,0.0,0.0,0.0,0.0,0.0,0.0,,,,,,,,,,,,,,,,
15,0.0063379788771271706,-0.01305695716291666,0.0030604167841374874,0.0032775618601590395,0.0,0.0,0.0,0.0,0.0,0.0,0.0,0.0,0.0,,,,,,,,,,,,,,,,
16,0.006044095382094383,-0.014330515637993813,0.002869940362870693,0.0031741547863930464,0.0,0.0,0.0,0.0,0.0,0.0,0.0,0.0,0.0,,,,,,,,,,,,,,,,
17,0.005989006720483303,-0.014427855610847473,0.00288032996468246,0.0031086765229701996,0.0,0.0,0.0,0.0,0.0,0.0,0.0,0.0,0.0,,,,,,,,,,,,,,,,
18,0.005740220658481121,-0.014522500336170197,0.0027588624507188797,0.0029813582077622414,0.0,0.0,0.0,0.0,0.0,0.0,0.0,0.0,0.0,,,,,,,,,,,,,,,,
19,0.0055829500779509544,-0.016145501285791397,0.002706385450437665,0.002876564394682646,0.0,0.0,0.0,0.0,0.0,0.0,0.0,0.0,0.0,,,,,,,,,,,,,,,,
20,0.005311090499162674,-0.016679655760526657,0.002537907101213932,0.0027731836307793856,0.0,0.0,0.0,0.0,0.0,0.0,0.0,0.0,0.0,,,,,,,,,,,,,,,,
21,0.005222544074058533,-0.019399970769882202,0.0024925554171204567,0.002729988656938076,0.0,0.0,0.0,0.0,0.0,0.0,0.0,0.0,0.0,,,,,,,,,,,,,,,,
22,0.004906871821731329,-0.02347264066338539,0.0023502472322434187,0.0025566245894879103,0.0,0.0,0.0,0.0,0.0,0.0,0.0,0.0,0.0,,,,,,,,,,,,,,,,
23,0.004785218741744757,-0.02628549374639988,0.002333995420485735,0.0024512233212590218,0.0,0.0,0.0,0.0,0.0,0.0,0.0,0.0,0.0,,,,,,,,,,,,,,,,
24,0.004534591920673847,-0.02911706082522869,0.0021935561671853065,0.002341035520657897,0.0,0.0,0.0,0.0,0.0,0.0,0.0,0.0,0.0,,,,,,,,,,,,,,,,
25,0.004297684878110886,-0.03238322585821152,0.0021305184345692396,0.002167166443541646,0.0,0.0,0.0,0.0,0.0,0.0,0.0,0.0,0.0,,,,,,,,,,,,,,,,
26,0.0039640674367547035,-0.033428627997636795,0.0019077819306403399,0.0020562855061143637,0.0,0.0,0.0,0.0,0.0,0.0,0.0,0.0,0.0,,,,,,,,,,,,,,,,
27,0.0037755800876766443,-0.034219879657030106,0.0018366414587944746,0.0019389386288821697,0.0,0.0,0.0,0.0,0.0,0.0,0.0,0.0,0.0,,,,,,,,,,,,,,,,
28,0.0037207824643701315,-0.03673085197806358,0.001830251538194716,0.0018905309261754155,0.0,0.0,0.0,0.0,0.0,0.0,0.0,0.0,0.0,,,,,,,,,,,,,,,,
29,0.0036392128095030785,-0.03808511421084404,0.0017743699718266726,0.001864842721261084,0.0,0.0,0.0,0.0,0.0,0.0,0.0,0.0,0.0,,,,,,,,,,,,,,,,
30,0.003420252352952957,-0.040122903883457184,0.0016787172062322497,0.0017415352631360292,0.0,0.0,0.0,0.0,0.0,0.0,0.0,0.0,0.0,,,,,,,,,,,,,,,,
31,0.0034802057780325413,-0.042125020176172256,0.0016422204207628965,0.001837985240854323,0.0,0.0,0.0,0.0,0.0,0.0,0.0,0.0,0.0,,,,,,,,,,,,,,,,
32,0.0032217649277299643,-0.04346479848027229,0.001547968597151339,0.0016737963305786252,0.0,0.0,0.0,0.0,0.0,0.0,0.0,0.0,0.0,,,,,,,,,,,,,,,,
33,0.0033313967287540436,-0.044381655752658844,0.0015839276602491736,0.00174746906850487,0.0,0.0,0.0,0.0,0.0,0.0,0.0,0.0,0.0,,,,,,,,,,,,,,,,
34,0.003087158314883709,-0.04658445343375206,0.0014678427251055837,0.0016193157061934471,0.0,0.0,0.0,0.0,0.0,0.0,0.0,0.0,0.0,,,,,,,,,,,,,,,,
35,0.002961949212476611,-0.04819958284497261,0.0014042623806744814,0.0015576868318021297,0.0,0.0,0.0,0.0,0.0,0.0,0.0,0.0,0.0,,,,,,,,,,,,,,,,
36,0.002991231856867671,-0.04980603978037834,0.0014495122013613582,0.0015417196555063128,0.0,0.0,0.0,0.0,0.0,0.0,0.0,0.0,0.0,,,,,,,,,,,,,,,,
37,0.0029490296728909016,-0.0518043115735054,0.001444209017790854,0.0015048205386847258,0.0,0.0,0.0,0.0,0.0,0.0,0.0,0.0,0.0,,,,,,,,,,,,,,,,
38,0.002832560334354639,-0.053732991218566895,0.0013701787684112787,0.0014623815659433603,0.0,0.0,0.0,0.0,0.0,0.0,0.0,0.0,0.0,,,,,,,,,,,,,,,,
39,0.0026084526907652617,-0.054094068706035614,0.0013145386474207044,0.0012939140433445573,0.0,0.0,0.0,0.0,0.0,0.0,0.0,0.0,0.0,,,,,,,,,,,,,,,,
40,0.002467543352395296,-0.057999156415462494,0.0012094175908714533,0.0012581257615238428,0.0,0.0,0.0,0.0,0.0,0.0,0.0,0.0,0.0,,,,,,,,,,,,,,,,
41,0.002462901873514056,-0.056961871683597565,0.0012110243551433086,0.0012518775183707476,0.0,0.0,0.0,0.0,0.0,0.0,0.0,0.0,0.0,,,,,,,,,,,,,,,,
42,0.0025601438246667385,-0.060811493545770645,0.001282330951653421,0.0012778127565979958,0.0,0.0,0.0,0.0,0.0,0.0,0.0,0.0,0.0,,,,,,,,,,,,,,,,
43,0.0025167958810925484,-0.06150999292731285,0.001254549715667963,0.0012622462818399072,0.0,0.0,0.0,0.0,0.0,0.0,0.0,0.0,0.0,,,,,,,,,,,,,,,,
44,0.002412687987089157,-0.06383608281612396,0.001183418440632522,0.001229269546456635,0.0,0.0,0.0,0.0,0.0,0.0,0.0,0.0,0.0,,,,,,,,,,,,,,,,
45,0.00238649919629097,-0.0647263377904892,0.0011641625314950943,0.0012223365483805537,0.0,0.0,0.0,0.0,0.0,0.0,0.0,0.0,0.0,,,,,,,,,,,,,,,,
46,0.0023156721144914627,-0.06608153879642487,0.0011659427545964718,0.001149729359894991,0.0,0.0,0.0,0.0,0.0,0.0,0.0,0.0,0.0,,,,,,,,,,,,,,,,
47,0.002204290358349681,-0.06560949981212616,0.0011177252745255828,0.0010865650838240981,0.0,0.0,0.0,0.0,0.0,0.0,0.0,0.0,0.0,,,,,,,,,,,,,,,,
48,0.002291820477694273,-0.06490249931812286,0.0011528932955116034,0.0011389270657673478,0.0,0.0,0.0,0.0,0.0,0.0,0.0,0.0,0.0,,,,,,,,,,,,,,,,
49,0.0021884713787585497,-0.06536625325679779,0.0010727429762482643,0.0011157284025102854,0.0,0.0,0.0,0.0,0.0,0.0,0.0,0.0,0.0,,,,,,,,,,,,,,,,
50,0.0021054428070783615,-0.0669001117348671,0.0010207484010607004,0.001084694406017661,0.0,0.0,0.0,0.0,0.0,0.0,0.0,0.0,0.0,,,,,,,,,,,,,,,,
51,0.0021512724924832582,-0.06915454566478729,0.0010910803684964776,0.0010601921239867806,0.0,0.0,0.0,0.0,0.0,0.0,0.0,0.0,0.0,,,,,,,,,,,,,,,,
52,0.0021134756971150637,-0.07055646926164627,0.0010315206600353122,0.0010819550370797515,0.0,0.0,0.0,0.0,0.0,0.0,0.0,0.0,0.0,,,,,,,,,,,,,,,,
53,0.002101344056427479,-0.07166462391614914,0.0010342533932998776,0.0010670905467122793,0.0,0.0,0.0,0.0,0.0,0.0,0.0,0.0,0.0,,,,,,,,,,,,,,,,
54,0.0020840931683778763,-0.0738651305437088,0.0010203043930232525,0.001063788658939302,0.0,0.0,0.0,0.0,0.0,0.0,0.0,0.0,0.0,,,,,,,,,,,,,,,,
55,0.0020679724402725697,-0.07541969418525696,0.0010132718598470092,0.0010547006968408823,0.0,0.0,0.0,0.0,0.0,0.0,0.0,0.0,0.0,,,,,,,,,,,,,,,,
56,0.0019485335797071457,-0.07819469273090363,0.0009639827185310423,0.0009845508029684424,0.0,0.0,0.0,0.0,0.0,0.0,0.0,0.0,0.0,,,,,,,,,,,,,,,,
57,0.001991378143429756,-0.07966599613428116,0.0009631678694859147,0.0010282101575285196,0.0,0.0,0.0,0.0,0.0,0.0,0.0,0.0,0.0,,,,,,,,,,,,,,,,
58,0.0019226890290156007,-0.07945141196250916,0.0009602393256500363,0.0009624497033655643,0.0,0.0,0.0,0.0,0.0,0.0,0.0,0.0,0.0,,,,,,,,,,,,,,,,
59,0.0018653657753020525,-0.0801893100142479,0.0009140799520537257,0.0009512858814559877,0.0,0.0,0.0,0.0,0.0,0.0,0.0,0.0,0.0,,,,,,,,,,,,,,,,
60,0.0019677176605910063,-0.08147510886192322,0.0009911524830386043,0.000976565177552402,0.0,0.0,0.0,0.0,0.0,0.0,0.0,0.0,0.0,,,,,,,,,,,,,,,,
61,0.001827543368563056,-0.08342009037733078,0.0008739720215089619,0.0009535713470540941,0.0,0.0,0.0,0.0,0.0,0.0,0.0,0.0,0.0,,,,,,,,,,,,,,,,
62,0.0018400842091068625,-0.08295389264822006,0.0009026695624925196,0.0009374146466143429,0.0,0.0,0.0,0.0,0.0,0.0,0.0,0.0,0.0,,,,,,,,,,,,,,,,
63,0.001774569391272962,-0.08292028307914734,0.0008897065999917686,0.0008848627912811935,0.0,0.0,0.0,0.0,0.0,0.0,0.0,0.0,0.0,,,,,,,,,,,,,,,,
64,0.0018393711652606726,-0.08502368628978729,0.0009053523535840213,0.0009340187534689903,0.0,0.0,0.0,0.0,0.0,0.0,0.0,0.0,0.0,,,,,,,,,,,,,,,,
65,0.001810976304113865,-0.08612777292728424,0.0009000349673442543,0.0009109413949772716,0.0,0.0,0.0,0.0,0.0,0.0,0.0,0.0,0.0,,,,,,,,,,,,,,,,
66,0.0018479828722774982,-0.08676252514123917,0.0009387837490066886,0.0009091991232708097,0.0,0.0,0.0,0.0,0.0,0.0,0.0,0.0,0.0,,,,,,,,,,,,,,,,
67,0.0018469502683728933,-0.08976686745882034,0.0009329342865385115,0.0009140160400420427,0.0,0.0,0.0,0.0,0.0,0.0,0.0,0.0,0.0,,,,,,,,,,,,,,,,
68,0.0017604611348360777,-0.09020992368459702,0.0008856463828124106,0.0008748147520236671,0.0,0.0,0.0,0.0,0.0,0.0,0.0,0.0,0.0,,,,,,,,,,,,,,,,
69,0.0017357571050524712,-0.09179463237524033,0.000853878678753972,0.00088187848450616,0.0,0.0,0.0,0.0,0.0,0.0,0.0,0.0,0.0,,,,,,,,,,,,,,,,
70,0.0016892277635633945,-0.09376447647809982,0.0008358518243767321,0.0008533758809790015,0.0,0.0,0.0,0.0,0.0,0.0,0.0,0.0,0.0,,,,,,,,,,,,,,,,
71,0.0017013284377753735,-0.09371718019247055,0.0008214139379560947,0.0008799144416116178,0.0,0.0,0.0,0.0,0.0,0.0,0.0,0.0,0.0,,,,,,,,,,,,,,,,
72,0.001644369913265109,-0.09323261678218842,0.0008041620603762567,0.0008402079110965133,0.0,0.0,0.0,0.0,0.0,0.0,0.0,0.0,0.0,,,,,,,,,,,,,,,,
73,0.0015840446576476097,-0.09408654272556305,0.0007619682583026588,0.0008220763993449509,0.0,0.0,0.0,0.0,0.0,0.0,0.0,0.0,0.0,,,,,,,,,,,,,,,,
74,0.0016567910788580775,-0.09588061273097992,0.0008200982701964676,0.0008366928086616099,0.0,0.0,0.0,0.0,0.0,0.0,0.0,0.0,0.0,,,,,,,,,,,,,,,,
75,0.0016490251291543245,-0.09512966126203537,0.0008172708912752569,0.0008317542960867286,0.0,0.0,0.0,0.0,0.0,0.0,0.0,0.0,0.0,,,,,,,,,,,,,,,,
76,0.0015809410251677036,-0.09676995128393173,0.0007835656870156527,0.0007973753963597119,0.0,0.0,0.0,0.0,0.0,0.0,0.0,0.0,0.0,,,,,,,,,,,,,,,,
77,0.00160795240662992,-0.09882382303476334,0.0007991454913280904,0.0008088069153018296,0.0,0.0,0.0,0.0,0.0,0.0,0.0,0.0,0.0,,,,,,,,,,,,,,,,
78,0.0015990142710506916,-0.10095014423131943,0.0007999181398190558,0.0007990961894392967,0.0,0.0,0.0,0.0,0.0,0.0,0.0,0.0,0.0,,,,,,,,,,,,,,,,
79,0.0015682745724916458,-0.1021348163485527,0.0007838752353563905,0.0007843993953429163,0.0,0.0,0.0,0.0,0.0,0.0,0.0,0.0,0.0,,,,,,,,,,,,,,,,
80,0.0016015428118407726,-0.1022002100944519,0.000788868113886565,0.0008126746397465467,0.0,0.0,0.0,0.0,0.0,0.0,0.0,0.0,0.0,,,,,,,,,,,,,,,,
81,0.0015626600943505764,-0.10215069353580475,0.0007858393946662545,0.0007768206996843219,0.0,0.0,0.0,0.0,0.0,0.0,0.0,0.0,0.0,,,,,,,,,,,,,,,,
82,0.0015364575665444136,-0.10344872623682022,0.0007765218615531921,0.0007599357049912214,0.0,0.0,0.0,0.0,0.0,0.0,0.0,0.0,0.0,,,,,,,,,,,,,,,,
83,0.0014633438549935818,-0.10441895574331284,0.0007237682002596557,0.000739575712941587,0.0,0.0,0.0,0.0,0.0,0.0,0.0,0.0,0.0,,,,,,,,,,,,,,,,
84,0.0015297364443540573,-0.10389984399080276,0.000760801718570292,0.0007689346675761044,0.0,0.0,0.0,0.0,0.0,0.0,0.0,0.0,0.0,,,,,,,,,,,,,,,,
85,0.0014798843767493963,-0.10595161467790604,0.0007075011963024735,0.0007723831804469228,0.0,0.0,0.0,0.0,0.0,0.0,0.0,0.0,0.0,,,,,,,,,,,,,,,,
86,0.0015303504187613726,-0.10638924688100815,0.0007725453469902277,0.0007578050717711449,0.0,0.0,0.0,0.0,0.0,0.0,0.0,0.0,0.0,,,,,,,,,,,,,,,,
87,0.0015178013127297163,-0.10592953860759735,0.0007501833606511354,0.0007676179520785809,0.0,0.0,0.0,0.0,0.0,0.0,0.0,0.0,0.0,,,,,,,,,,,,,,,,
88,0.0014882301911711693,-0.10978290438652039,0.00072514294879511,0.0007630871841683984,0.0,0.0,0.0,0.0,0.0,0.0,0.0,0.0,0.0,,,,,,,,,,,,,,,,
89,0.0015496322885155678,-0.11162149906158447,0.0007761279121041298,0.000773504376411438,0.0,0.0,0.0,0.0,0.0,0.0,0.0,0.0,0.0,,,,,,,,,,,,,,,,
90,0.0014206616906449199,-0.11137878149747849,0.0007076019537635148,0.0007130597368814051,0.0,0.0,0.0,0.0,0.0,0.0,0.0,0.0,0.0,,,,,,,,,,,,,,,,
91,0.0015056594274938107,-0.11286415904760361,0.0007561637903563678,0.0007494956953451037,0.0,0.0,0.0,0.0,0.0,0.0,0.0,0.0,0.0,,,,,,,,,,,,,,,,
92,0.0014424778055399656,-0.11251398175954819,0.0007221441483125091,0.0007203335990197957,0.0,0.0,0.0,0.0,0.0,0.0,0.0,0.0,0.0,,,,,,,,,,,,,,,,
93,0.001403006725013256,-0.1135028600692749,0.0007002615020610392,0.0007027452811598778,0.0,0.0,0.0,0.0,0.0,0.0,0.0,0.0,0.0,,,,,,,,,,,,,,,,
94,0.0014053280465304852,-0.11528600752353668,0.0006926088244654238,0.0007127192802727222,0.0,0.0,0.0,0.0,0.0,0.0,0.0,0.0,0.0,,,,,,,,,,,,,,,,
95,0.0014263850171118975,-0.11431559175252914,0.000731628097128123,0.0006947568617761135,0.0,0.0,0.0,0.0,0.0,0.0,0.0,0.0,0.0,,,,,,,,,,,,,,,,
96,0.0013999749207869172,-0.1159391775727272,0.0007036573369987309,0.0006963175837881863,0.0,0.0,0.0,0.0,0.0,0.0,0.0,0.0,0.0,,,,,,,,,,,,,,,,
97,0.0013933394802734256,-0.11546061187982559,0.0007039743941277266,0.000689365086145699,0.0,0.0,0.0,0.0,0.0,0.0,0.0,0.0,0.0,,,,,,,,,,,,,,,,
98,0.0014242464676499367,-0.11863388121128082,0.0006994602736085653,0.0007247861358337104,0.0,0.0,0.0,0.0,0.0,0.0,0.0,0.0,0.0,,,,,,,,,,,,,,,,
99,0.0013760236324742436,-0.11763914674520493,0.0006757774390280247,0.000700246193446219,0.0,0.0,0.0,0.0,0.0,0.0,0.0,0.0,0.0,,,,,,,,,,,,,,,,
100,0.001375183230265975,-0.12095769494771957,0.0006836341926828027,0.0006915490375831723,0.0,0.0,0.0,0.0,0.0,0.0,0.0,0.0,0.0,,,,,,,,,,,,,,,,
101,0.0013025045627728105,-0.12168324738740921,0.0006370980408973992,0.0006654065218754113,0.0,0.0,0.0,0.0,0.0,0.0,0.0,0.0,0.0,,,,,,,,,,,,,,,,
102,0.001327725825831294,-0.1223205029964447,0.000671274377964437,0.000656451506074518,0.0,0.0,0.0,0.0,0.0,0.0,0.0,0.0,0.0,,,,,,,,,,,,,,,,
103,0.0013366718776524067,-0.122077576816082,0.0006598071777261794,0.0006768646417185664,0.0,0.0,0.0,0.0,0.0,0.0,0.0,0.0,0.0,,,,,,,,,,,,,,,,
104,0.001354746869765222,-0.12179428339004517,0.00068090163404122,0.0006738452357240021,0.0,0.0,0.0,0.0,0.0,0.0,0.0,0.0,0.0,,,,,,,,,,,,,,,,
105,0.001388477860018611,-0.12178470939397812,0.0006912648095749319,0.0006972129922360182,0.0,0.0,0.0,0.0,0.0,0.0,0.0,0.0,0.0,,,,,,,,,,,,,,,,
106,0.0013238119427114725,-0.1240643709897995,0.0006656513432972133,0.0006581606576219201,0.0,0.0,0.0,0.0,0.0,0.0,0.0,0.0,0.0,,,,,,,,,,,,,,,,
107,0.0013576005585491657,-0.12748414278030396,0.0006774755311198533,0.0006801250274293125,0.0,0.0,0.0,0.0,0.0,0.0,0.0,0.0,0.0,,,,,,,,,,,,,,,,
108,0.0012102669570595026,-0.12936829030513763,0.0006126302760094404,0.0005976367392577231,0.0,0.0,0.0,0.0,0.0,0.0,0.0,0.0,0.0,,,,,,,,,,,,,,,,
109,0.0013346149353310466,-0.13023707270622253,0.0006705336272716522,0.0006640813080593944,0.0,0.0,0.0,0.0,0.0,0.0,0.0,0.0,0.0,,,,,,,,,,,,,,,,
110,0.00125285261310637,-0.13110299408435822,0.0006223908858373761,0.0006304617272689939,0.0,0.0,0.0,0.0,0.0,0.0,0.0,0.0,0.0,,,,,,,,,,,,,,,,
111,0.0013072679284960032,-0.130405992269516,0.000648848304990679,0.0006584195652976632,0.0,0.0,0.0,0.0,0.0,0.0,0.0,0.0,0.0,,,,,,,,,,,,,,,,
112,0.0013536801561713219,-0.13109125196933746,0.0006677447236143053,0.0006859354907646775,0.0,0.0,0.0,0.0,0.0,0.0,0.0,0.0,0.0,,,,,,,,,,,,,,,,
113,0.0013072099536657333,-0.13252270221710205,0.0006555030704475939,0.0006517069414258003,0.0,0.0,0.0,0.0,0.0,0.0,0.0,0.0,0.0,,,,,,,,,,,,,,,,
114,0.0012626394163817167,-0.13294625282287598,0.0006283384282141924,0.0006343010463751853,0.0,0.0,0.0,0.0,0.0,0.0,0.0,0.0,0.0,,,,,,,,,,,,,,,,
115,0.0012098666047677398,-0.13126859068870544,0.0006057157879695296,0.0006041508167982101,0.0,0.0,0.0,0.0,0.0,0.0,0.0,0.0,0.0,,,,,,,,,,,,,,,,
116,0.0012315770145505667,-0.133184552192688,0.0006189505802467465,0.0006126264343038201,0.0,0.0,0.0,0.0,0.0,0.0,0.0,0.0,0.0,,,,,,,,,,,,,,,,
117,0.0012377987150102854,-0.13359953463077545,0.0006345361471176147,0.0006032626261003315,0.0,0.0,0.0,0.0,0.0,0.0,0.0,0.0,0.0,,,,,,,,,,,,,,,,
118,0.0011979560367763042,-0.13461942970752716,0.0006013336824253201,0.000596622412558645,0.0,0.0,0.0,0.0,0.0,0.0,0.0,0.0,0.0,,,,,,,,,,,,,,,,
119,0.0012309686280786991,-0.1364021748304367,0.000630711845587939,0.0006002567824907601,0.0,0.0,0.0,0.0,0.0,0.0,0.0,0.0,0.0,,,,,,,,,,,,,,,,
120,0.0012232556473463774,-0.13789810240268707,0.0006040613516233861,0.0006191942957229912,0.0,0.0,0.0,0.0,0.0,0.0,0.0,0.0,0.0,,,,,,,,,,,,,,,,
121,0.0012332972837612033,-0.13849331438541412,0.000630273309070617,0.0006030239746905863,0.0,0.0,0.0,0.0,0.0,0.0,0.0,0.0,0.0,,,,,,,,,,,,,,,,
122,0.0012296522036194801,-0.13890959322452545,0.0006140445475466549,0.0006156075978651643,0.0,0.0,0.0,0.0,0.0,0.0,0.0,0.0,0.0,,,,,,,,,,,,,,,,
123,0.0012172674760222435,-0.13933736085891724,0.0005949657643213868,0.0006223016534931958,0.0,0.0,0.0,0.0,0.0,0.0,0.0,0.0,0.0,,,,,,,,,,,,,,,,
124,0.0012617467436939478,-0.14031197130680084,0.0006454400136135519,0.000616306671872735,0.0,0.0,0.0,0.0,0.0,0.0,0.0,0.0,0.0,,,,,,,,,,,,,,,,
125,0.0011830786243081093,-0.14005960524082184,0.000591650081332773,0.0005914284847676754,0.0,0.0,0.0,0.0,0.0,0.0,0.0,0.0,0.0,,,,,,,,,,,,,,,,
126,0.0012227986007928848,-0.14122140407562256,0.0006067663780413568,0.0006160322809591889,0.0,0.0,0.0,0.0,0.0,0.0,0.0,0.0,0.0,,,,,,,,,,,,,,,,
127,0.0011895177885890007,-0.14329947531223297,0.0005989153869450092,0.0005906024016439915,0.0,0.0,0.0,0.0,0.0,0.0,0.0,0.0,0.0,,,,,,,,,,,,,,,,
128,0.0011806103866547346,-0.14483503997325897,0.0005942135467194021,0.0005863968399353325,0.0,0.0,0.0,0.0,0.0,0.0,0.0,0.0,0.0,,,,,,,,,,,,,,,,
129,0.0011698720045387745,-0.1466984897851944,0.0005746924434788525,0.000595179561059922,0.0,0.0,0.0,0.0,0.0,0.0,0.0,0.0,0.0,,,,,,,,,,,,,,,,
130,0.0011194003745913506,-0.14697448909282684,0.0005578349228017032,0.0005615654517896473,0.0,0.0,0.0,0.0,0.0,0.0,0.0,0.0,0.0,,,,,,,,,,,,,,,,
131,0.00118741812184453,-0.14764662086963654,0.000599598279222846,0.000587819900829345,0.0,0.0,0.0,0.0,0.0,0.0,0.0,0.0,0.0,,,,,,,,,,,,,,,,
132,0.0011298325844109058,-0.14700402319431305,0.0005747047252953053,0.0005551278009079397,0.0,0.0,0.0,0.0,0.0,0.0,0.0,0.0,0.0,,,,,,,,,,,,,,,,
133,0.0011284130159765482,-0.14534850418567657,0.0005582098383456469,0.0005702032358385623,0.0,0.0,0.0,0.0,0.0,0.0,0.0,0.0,0.0,,,,,,,,,,,,,,,,
134,0.0011504977010190487,-0.14632494747638702,0.0005728551186621189,0.0005776425823569298,0.0,0.0,0.0,0.0,0.0,0.0,0.0,0.0,0.0,,,,,,,,,,,,,,,,
135,0.0011451682075858116,-0.14762793481349945,0.0005831221351400018,0.0005620460142381489,0.0,0.0,0.0,0.0,0.0,0.0,0.0,0.0,0.0,,,,,,,,,,,,,,,,
136,0.0012041181325912476,-0.14992506802082062,0.0005922755808569491,0.0006118425517342985,0.0,0.0,0.0,0.0,0.0,0.0,0.0,0.0,0.0,,,,,,,,,,,,,,,,
137,0.0011425900738686323,-0.15273389220237732,0.0005742790526710451,0.0005683109629899263,0.0,0.0,0.0,0.0,0.0,0.0,0.0,0.0,0.0,,,,,,,,,,,,,,,,
138,0.0012139591854065657,-0.15355989336967468,0.0006122718332335353,0.0006016872939653695,0.0,0.0,0.0,0.0,0.0,0.0,0.0,0.0,0.0,,,,,,,,,,,,,,,,
139,0.001139775151386857,-0.15491770207881927,0.0005763027584180236,0.0005634723929688334,0.0,0.0,0.0,0.0,0.0,0.0,0.0,0.0,0.0,,,,,,,,,,,,,,,,
140,0.0011013206094503403,-0.15281979739665985,0.0005417066859081388,0.0005596138653345406,0.0,0.0,0.0,0.0,0.0,0.0,0.0,0.0,0.0,,,,,,,,,,,,,,,,
141,0.001118471147492528,-0.15179738402366638,0.0005630500381812453,0.0005554211675189435,0.0,0.0,0.0,0.0,0.0,0.0,0.0,0.0,0.0,,,,,,,,,,,,,,,,
142,0.001130452612414956,-0.15020160377025604,0.0005640032468363643,0.0005664493655785918,0.0,0.0,0.0,0.0,0.0,0.0,0.0,0.0,0.0,,,,,,,,,,,,,,,,
143,0.0011585219763219357,-0.1527845859527588,0.0005884342826902866,0.0005700877518393099,0.0,0.0,0.0,0.0,0.0,0.0,0.0,0.0,0.0,,,,,,,,,,,,,,,,
144,0.001107233576476574,-0.15568213164806366,0.0005547925247810781,0.0005524409934878349,0.0,0.0,0.0,0.0,0.0,0.0,0.0,0.0,0.0,,,,,,,,,,,,,,,,
145,0.0010638770181685686,-0.15756237506866455,0.0005386937409639359,0.0005251833354122937,0.0,0.0,0.0,0.0,0.0,0.0,0.0,0.0,0.0,,,,,,,,,,,,,,,,
146,0.0010610873578116298,-0.15927577018737793,0.0005202476168051362,0.0005408397410064936,0.0,0.0,0.0,0.0,0.0,0.0,0.0,0.0,0.0,,,,,,,,,,,,,,,,
147,0.0010774079710245132,-0.15906336903572083,0.000544799433555454,0.0005326085374690592,0.0,0.0,0.0,0.0,0.0,0.0,0.0,0.0,0.0,,,,,,,,,,,,,,,,
148,0.0010791391832754016,-0.1596580296754837,0.0005372923333197832,0.0005418468499556184,0.0,0.0,0.0,0.0,0.0,0.0,0.0,0.0,0.0,,,,,,,,,,,,,,,,
149,0.00109281693585217,-0.1586816906929016,0.0005547560867853463,0.0005380607908591628,0.0,0.0,0.0,0.0,0.0,0.0,0.0,0.0,0.0,,,,,,,,,,,,,,,,
150,0.0011100058909505606,-0.15861015021800995,0.0005532753420993686,0.0005567306070588529,0.0,0.0,0.0,0.0,0.0,0.0,0.0,0.0,0.0,,,,,,,,,,,,,,,,
151,0.0010811593383550644,-0.15993699431419373,0.0005417980719357729,0.0005393612082116306,0.0,0.0,0.0,0.0,0.0,0.0,0.0,0.0,0.0,,,,,,,,,,,,,,,,
152,0.0010854833526536822,-0.16117896139621735,0.0005410573212429881,0.0005444260314106941,0.0,0.0,0.0,0.0,0.0,0.0,0.0,0.0,0.0,,,,,,,,,,,,,,,,
153,0.001069440389983356,-0.16166318953037262,0.0005386645789258182,0.0005307758110575378,0.0,0.0,0.0,0.0,0.0,0.0,0.0,0.0,0.0,,,,,,,,,,,,,,,,
154,0.0010418310994282365,-0.16435228288173676,0.0005284687504172325,0.000513362349011004,0.0,0.0,0.0,0.0,0.0,0.0,0.0,0.0,0.0,,,,,,,,,,,,,,,,
155,0.0010734280804172158,-0.16626201570034027,0.0005407189019024372,0.0005327091785147786,0.0,0.0,0.0,0.0,0.0,0.0,0.0,0.0,0.0,,,,,,,,,,,,,,,,
156,0.001087753102183342,-0.16701899468898773,0.0005393492756411433,0.0005484037683345377,0.0,0.0,0.0,0.0,0.0,0.0,0.0,0.0,0.0,,,,,,,,,,,,,,,,
157,0.001044000033289194,-0.16426827013492584,0.0005225573549978435,0.0005214426782913506,0.0,0.0,0.0,0.0,0.0,0.0,0.0,0.0,0.0,,,,,,,,,,,,,,,,
158,0.0011004392290487885,-0.1657949835062027,0.0005543943261727691,0.0005460449028760195,0.0,0.0,0.0,0.0,0.0,0.0,0.0,0.0,0.0,,,,,,,,,,,,,,,,
159,0.0010208799503743649,-0.16539038717746735,0.0005167092313058674,0.0005041707190684974,0.0,0.0,0.0,0.0,0.0,0.0,0.0,0.0,0.0,,,,,,,,,,,,,,,,
160,0.0010660141706466675,-0.16581834852695465,0.0005316973547451198,0.0005343168741092086,0.0,0.0,0.0,0.0,0.0,0.0,0.0,0.0,0.0,,,,,,,,,,,,,,,,
161,0.0010514657478779554,-0.16717952489852905,0.0005260650650598109,0.0005254007410258055,0.0,0.0,0.0,0.0,0.0,0.0,0.0,0.0,0.0,,,,,,,,,,,,,,,,
162,0.0010668570175766945,-0.16887716948986053,0.0005320411291904747,0.0005348159465938807,0.0,0.0,0.0,0.0,0.0,0.0,0.0,0.0,0.0,,,,,,,,,,,,,,,,
163,0.0010475836461409926,-0.17080003023147583,0.0005344664677977562,0.0005131171783432364,0.0,0.0,0.0,0.0,0.0,0.0,0.0,0.0,0.0,,,,,,,,,,,,,,,,
164,0.0010322029702365398,-0.17200739681720734,0.0005291432025842369,0.0005030598258599639,0.0,0.0,0.0,0.0,0.0,0.0,0.0,0.0,0.0,,,,,,,,,,,,,,,,
165,0.0011048638261854649,-0.1721736043691635,0.0005541265127249062,0.0005507372552528977,0.0,0.0,0.0,0.0,0.0,0.0,0.0,0.0,0.0,,,,,,,,,,,,,,,,
166,0.0009958080481737852,-0.17371131479740143,0.0004997916403226554,0.0004960164660587907,0.0,0.0,0.0,0.0,0.0,0.0,0.0,0.0,0.0,,,,,,,,,,,,,,,,
167,0.0010269854683429003,-0.17187882959842682,0.00049425452016294,0.0005327310063876212,0.0,0.0,0.0,0.0,0.0,0.0,0.0,0.0,0.0,,,,,,,,,,,,,,,,
168,0.0010616248473525047,-0.17108674347400665,0.0005384245305322111,0.0005232003750279546,0.0,0.0,0.0,0.0,0.0,0.0,0.0,0.0,0.0,,,,,,,,,,,,,,,,
169,0.0010765998158603907,-0.1713864952325821,0.0005554151139222085,0.0005211846437305212,0.0,0.0,0.0,0.0,0.0,0.0,0.0,0.0,0.0,,,,,,,,,,,,,,,,
170,0.000980018055997789,-0.17167750000953674,0.000482021743664518,0.0004979963414371014,0.0,0.0,0.0,0.0,0.0,0.0,0.0,0.0,0.0,,,,,,,,,,,,,,,,
171,0.0010261648567393422,-0.17594802379608154,0.0005050653708167374,0.0005210994859226048,0.0,0.0,0.0,0.0,0.0,0.0,0.0,0.0,0.0,,,,,,,,,,,,,,,,
172,0.0009568687528371811,-0.17740865051746368,0.00048376695485785604,0.0004731018270831555,0.0,0.0,0.0,0.0,0.0,0.0,0.0,0.0,0.0,,,,,,,,,,,,,,,,
173,0.000973269809037447,-0.17833122611045837,0.0004815680149476975,0.000491701764985919,0.0,0.0,0.0,0.0,0.0,0.0,0.0,0.0,0.0,,,,,,,,,,,,,,,,
174,0.0009712722385302186,-0.1780785769224167,0.0004762820899486542,0.0004949901485815644,0.0,0.0,0.0,0.0,0.0,0.0,0.0,0.0,0.0,,,,,,,,,,,,,,,,
175,0.000984041951596737,-0.17760811746120453,0.0004993729526177049,0.00048466899897903204,0.0,0.0,0.0,0.0,0.0,0.0,0.0,0.0,0.0,,,,,,,,,,,,,,,,
176,0.0009447695920243859,-0.17781589925289154,0.0004630468029063195,0.0004817228182218969,0.0,0.0,0.0,0.0,0.0,0.0,0.0,0.0,0.0,,,,,,,,,,,,,,,,
177,0.0009661896619945765,-0.1787431687116623,0.0004820209869649261,0.0004841686459258199,0.0,0.0,0.0,0.0,0.0,0.0,0.0,0.0,0.0,,,,,,,,,,,,,,,,
178,0.000945114647038281,-0.1791013479232788,0.0004762093594763428,0.00046890528756193817,0.0,0.0,0.0,0.0,0.0,0.0,0.0,0.0,0.0,,,,,,,,,,,,,,,,
179,0.0009494841797277331,-0.18122108280658722,0.00047852020361460745,0.00047096400521695614,0.0,0.0,0.0,0.0,0.0,0.0,0.0,0.0,0.0,,,,,,,,,,,,,,,,
180,0.0009473895188421011,-0.18329444527626038,0.0004800234455615282,0.0004673660732805729,0.0,0.0,0.0,0.0,0.0,0.0,0.0,0.0,0.0,,,,,,,,,,,,,,,,
181,0.0009596155723556876,-0.1823778599500656,0.00047223365982063115,0.000487381883431226,0.0,0.0,0.0,0.0,0.0,0.0,0.0,0.0,0.0,,,,,,,,,,,,,,,,
182,0.0009476688574068248,-0.1802922636270523,0.00046135432785376906,0.00048631452955305576,0.0,0.0,0.0,0.0,0.0,0.0,0.0,0.0,0.0,,,,,,,,,,,,,,,,
183,0.000982278841547668,-0.18182742595672607,0.0004934702883474529,0.0004888085532002151,0.0,0.0,0.0,0.0,0.0,0.0,0.0,0.0,0.0,,,,,,,,,,,,,,,,
184,0.0010219600517302752,-0.18406692147254944,0.0005091732600703835,0.0005127868498675525,0.0,0.0,0.0,0.0,0.0,0.0,0.0,0.0,0.0,,,,,,,,,,,,,,,,
185,0.0009595399023965001,-0.18451900780200958,0.00047805748181417584,0.0004814824496861547,0.0,0.0,0.0,0.0,0.0,0.0,0.0,0.0,0.0,,,,,,,,,,,,,,,,
186,0.000945510808378458,-0.18284820020198822,0.0004790180828422308,0.00046649269643239677,0.0,0.0,0.0,0.0,0.0,0.0,0.0,0.0,0.0,,,,,,,,,,,,,,,,
187,0.00102075538598001,-0.18583527207374573,0.0005129968049004674,0.0005077585810795426,0.0,0.0,0.0,0.0,0.0,0.0,0.0,0.0,0.0,,,,,,,,,,,,,,,,
188,0.0009339202661067247,-0.18794116377830505,0.0004739784053526819,0.00045994186075404286,0.0,0.0,0.0,0.0,0.0,0.0,0.0,0.0,0.0,,,,,,,,,,,,,,,,
189,0.0009534198325127363,-0.18805459141731262,0.0004825707001145929,0.00047084916150197387,0.0,0.0,0.0,0.0,0.0,0.0,0.0,0.0,0.0,,,,,,,,,,,,,,,,
190,0.0009616389870643616,-0.18740954995155334,0.0004913139273412526,0.00047032503061927855,0.0,0.0,0.0,0.0,0.0,0.0,0.0,0.0,0.0,,,,,,,,,,,,,,,,
191,0.000957164098508656,-0.18844181299209595,0.00048434926429763436,0.0004728148633148521,0.0,0.0,0.0,0.0,0.0,0.0,0.0,0.0,0.0,,,,,,,,,,,,,,,,
192,0.0009356545051559806,-0.18914058804512024,0.00046639147331006825,0.0004692630027420819,0.0,0.0,0.0,0.0,0.0,0.0,0.0,0.0,0.0,,,,,,,,,,,,,,,,
193,0.000942593440413475,-0.1889611929655075,0.00047438344336114824,0.00046821002615615726,0.0,0.0,0.0,0.0,0.0,0.0,0.0,0.0,0.0,,,,,,,,,,,,,,,,
194,0.0008740518824197352,-0.18944796919822693,0.0004393967683427036,0.0004346551140770316,0.0,0.0,0.0,0.0,0.0,0.0,0.0,0.0,0.0,,,,,,,,,,,,,,,,
195,0.000924321764614433,-0.19215460121631622,0.00046396529069170356,0.0004603564739227295,0.0,0.0,0.0,0.0,0.0,0.0,0.0,0.0,0.0,,,,,,,,,,,,,,,,
196,0.0008936558151617646,-0.1921631246805191,0.0004512893792707473,0.00044236640678718686,0.0,0.0,0.0,0.0,0.0,0.0,0.0,0.0,0.0,,,,,,,,,,,,,,,,
197,0.0009442927548661828,-0.19315855205059052,0.00047537454520352185,0.00046891820966266096,0.0,0.0,0.0,0.0,0.0,0.0,0.0,0.0,0.0,,,,,,,,,,,,,,,,
198,0.0009031970985233784,-0.19283097982406616,0.0004575961793307215,0.0004456009191926569,0.0,0.0,0.0,0.0,0.0,0.0,0.0,0.0,0.0,,,,,,,,,,,,,,,,
199,0.000947121880017221,-0.19198501110076904,0.00047175647341646254,0.00047536540660075843,0.0,0.0,0.0,0.0,0.0,0.0,0.0,0.0,0.0,,,,,,,,,,,,,,,,
200,0.0009318908560089767,-0.19450171291828156,0.00047146331053227186,0.00046042754547670484,0.0,0.0,0.0,0.0,0.0,0.0,0.0,0.0,0.0,,,,,,,,,,,,,,,,
201,0.0008948565227910876,-0.19544833898544312,0.00045201595639809966,0.0004428405954968184,0.0,0.0,0.0,0.0,0.0,0.0,0.0,0.0,0.0,,,,,,,,,,,,,,,,
202,0.0009409657213836908,-0.19561918079853058,0.0004647429450415075,0.0004762228054460138,0.0,0.0,0.0,0.0,0.0,0.0,0.0,0.0,0.0,,,,,,,,,,,,,,,,
203,0.0008828579448163509,-0.19590134918689728,0.00043295210343785584,0.00044990587048232555,0.0,0.0,0.0,0.0,0.0,0.0,0.0,0.0,0.0,,,,,,,,,,,,,,,,
204,0.0008547714678570628,-0.19653895497322083,0.00042466472950764,0.0004301067383494228,0.0,0.0,0.0,0.0,0.0,0.0,0.0,0.0,0.0,,,,,,,,,,,,,,,,
205,0.0008490076288580894,-0.19859841465950012,0.0004323373141232878,0.0004166702856309712,0.0,0.0,0.0,0.0,0.0,0.0,0.0,0.0,0.0,,,,,,,,,,,,,,,,
206,0.000917532597668469,-0.19908133149147034,0.0004352638788986951,0.00048226871876977384,0.0,0.0,0.0,0.0,0.0,0.0,0.0,0.0,0.0,,,,,,,,,,,,,,,,
207,0.0009380120318382978,-0.19669942557811737,0.0004788222722709179,0.00045918975956737995,0.0,0.0,0.0,0.0,0.0,0.0,0.0,0.0,0.0,,,,,,,,,,,,,,,,
208,0.0009013567469082773,-0.1979682892560959,0.000461551477201283,0.0004398052697069943,0.0,0.0,0.0,0.0,0.0,0.0,0.0,0.0,0.0,,,,,,,,,,,,,,,,
209,0.0008914517238736153,-0.19991657137870789,0.00043524408829398453,0.0004562076064758003,0.0,0.0,0.0,0.0,0.0,0.0,0.0,0.0,0.0,,,,,,,,,,,,,,,,
210,0.0008489140309393406,-0.20091703534126282,0.00041809535468928516,0.00043081867625005543,0.0,0.0,0.0,0.0,0.0,0.0,0.0,0.0,0.0,,,,,,,,,,,,,,,,
211,0.0008682243060320616,-0.20188958942890167,0.00044386237277649343,0.00042436193325556815,0.0,0.0,0.0,0.0,0.0,0.0,0.0,0.0,0.0,,,,,,,,,,,,,,,,
212,0.0008690425311215222,-0.20291055738925934,0.00043330530752427876,0.00043573722359724343,0.0,0.0,0.0,0.0,0.0,0.0,0.0,0.0,0.0,,,,,,,,,,,,,,,,
213,0.0008827509009279311,-0.20196783542633057,0.0004340737359598279,0.00044867716496810317,0.0,0.0,0.0,0.0,0.0,0.0,0.0,0.0,0.0,,,,,,,,,,,,,,,,
214,0.0008920993423089385,-0.2024911344051361,0.00044335651909932494,0.0004487427941057831,0.0,0.0,0.0,0.0,0.0,0.0,0.0,0.0,0.0,,,,,,,,,,,,,,,,
215,0.000850752810947597,-0.2016511857509613,0.00042052476783283055,0.00043022807221859694,0.0,0.0,0.0,0.0,0.0,0.0,0.0,0.0,0.0,,,,,,,,,,,,,,,,
216,0.0008910717442631721,-0.20380423963069916,0.0004322815511841327,0.000458790163975209,0.0,0.0,0.0,0.0,0.0,0.0,0.0,0.0,0.0,,,,,,,,,,,,,,,,
217,0.0008740604971535504,-0.2056012600660324,0.00043489228119142354,0.00043916821596212685,0.0,0.0,0.0,0.0,0.0,0.0,0.0,0.0,0.0,,,,,,,,,,,,,,,,
218,0.0008177059353329241,-0.2057710736989975,0.0004048252012580633,0.0004128807340748608,0.0,0.0,0.0,0.0,0.0,0.0,0.0,0.0,0.0,,,,,,,,,,,,,,,,
219,0.0008893779013305902,-0.20755109190940857,0.0004427364910952747,0.0004466413811314851,0.0,0.0,0.0,0.0,0.0,0.0,0.0,0.0,0.0,,,,,,,,,,,,,,,,
220,0.0008525500306859612,-0.20803964138031006,0.00041981745744124055,0.00043273260234855115,0.0,0.0,0.0,0.0,0.0,0.0,0.0,0.0,0.0,,,,,,,,,,,,,,,,
221,0.000823640264570713,-0.20919343829154968,0.00040312044438906014,0.00042051984928548336,0.0,0.0,0.0,0.0,0.0,0.0,0.0,0.0,0.0,,,,,,,,,,,,,,,,
222,0.0008945422596298158,-0.20930303633213043,0.0004537619824986905,0.00044078027713112533,0.0,0.0,0.0,0.0,0.0,0.0,0.0,0.0,0.0,,,,,,,,,,,,,,,,
223,0.0007993673789314926,-0.21068209409713745,0.00040166423423215747,0.0003977031446993351,0.0,0.0,0.0,0.0,0.0,0.0,0.0,0.0,0.0,,,,,,,,,,,,,,,,
224,0.0007929034763947129,-0.20778697729110718,0.00038616202073171735,0.00040674148476682603,0.0,0.0,0.0,0.0,0.0,0.0,0.0,0.0,0.0,,,,,,,,,,,,,,,,
225,0.0008432434406131506,-0.20900030434131622,0.00041300509474240243,0.00043023834587074816,0.0,0.0,0.0,0.0,0.0,0.0,0.0,0.0,0.0,,,,,,,,,,,,,,,,
226,0.0008297179010696709,-0.21239428222179413,0.0004117752250749618,0.00041794267599470913,0.0,0.0,0.0,0.0,0.0,0.0,0.0,0.0,0.0,,,,,,,,,,,,,,,,
227,0.0008487235754728317,-0.21299129724502563,0.000428348605055362,0.0004203749995213002,0.0,0.0,0.0,0.0,0.0,0.0,0.0,0.0,0.0,,,,,,,,,,,,,,,,
228,0.0008473011548630893,-0.212722048163414,0.00042531240615062416,0.00042198874871246517,0.0,0.0,0.0,0.0,0.0,0.0,0.0,0.0,0.0,,,,,,,,,,,,,,,,
229,0.0008290809346362948,-0.2133272886276245,0.00041436991887167096,0.0004147110157646239,0.0,0.0,0.0,0.0,0.0,0.0,0.0,0.0,0.0,,,,,,,,,,,,,,,,
230,0.000796204898506403,-0.2116689532995224,0.00039144037873484194,0.00040476449066773057,0.0,0.0,0.0,0.0,0.0,0.0,0.0,0.0,0.0,,,,,,,,,,,,,,,,
231,0.000829143391456455,-0.2130628079175949,0.0004120948142372072,0.0004170485772192478,0.0,0.0,0.0,0.0,0.0,0.0,0.0,0.0,0.0,,,,,,,,,,,,,,,,
232,0.0008373342570848763,-0.21553754806518555,0.00041092457831837237,0.00042640967876650393,0.0,0.0,0.0,0.0,0.0,0.0,0.0,0.0,0.0,,,,,,,,,,,,,,,,
233,0.0008429883746430278,-0.2156270295381546,0.00041073121246881783,0.00043225716217420995,0.0,0.0,0.0,0.0,0.0,0.0,0.0,0.0,0.0,,,,,,,,,,,,,,,,
234,0.0008067407761700451,-0.21717776358127594,0.00040350118069909513,0.00040323959547095,0.0,0.0,0.0,0.0,0.0,0.0,0.0,0.0,0.0,,,,,,,,,,,,,,,,
235,0.0008103453437797725,-0.21893370151519775,0.0004091037844773382,0.0004012415593024343,0.0,0.0,0.0,0.0,0.0,0.0,0.0,0.0,0.0,,,,,,,,,,,,,,,,
236,0.0008131658541969955,-0.21969544887542725,0.0004076051409356296,0.0004055607132613659,0.0,0.0,0.0,0.0,0.0,0.0,0.0,0.0,0.0,,,,,,,,,,,,,,,,
237,0.0007776577840559185,-0.21904008090496063,0.00038817303720861673,0.0003894847468473017,0.0,0.0,0.0,0.0,0.0,0.0,0.0,0.0,0.0,,,,,,,,,,,,,,,,
238,0.0007800580351613462,-0.21776527166366577,0.000387764535844326,0.0003922934993170202,0.0,0.0,0.0,0.0,0.0,0.0,0.0,0.0,0.0,,,,,,,,,,,,,,,,
239,0.0008061561384238303,-0.21831712126731873,0.00041293411049991846,0.0003932220279239118,0.0,0.0,0.0,0.0,0.0,0.0,0.0,0.0,0.0,,,,,,,,,,,,,,,,
240,0.0008125822059810162,-0.22022609412670135,0.00040075514698401093,0.0004118270589970052,0.0,0.0,0.0,0.0,0.0,0.0,0.0,0.0,0.0,,,,,,,,,,,,,,,,
241,0.0007807291112840176,-0.2219790667295456,0.000390799978049472,0.00038992910413071513,0.0,0.0,0.0,0.0,0.0,0.0,0.0,0.0,0.0,,,,,,,,,,,,,,,,
242,0.0008492931956425309,-0.22235818207263947,0.0004363310872577131,0.0004129620792809874,0.0,0.0,0.0,0.0,0.0,0.0,0.0,0.0,0.0,,,,,,,,,,,,,,,,
243,0.0008680165046826005,-0.22090116143226624,0.00042914532241411507,0.0004388711822684854,0.0,0.0,0.0,0.0,0.0,0.0,0.0,0.0,0.0,,,,,,,,,,,,,,,,
244,0.0007690894417464733,-0.22265274822711945,0.00036814334453083575,0.00040094609721563756,0.0,0.0,0.0,0.0,0.0,0.0,0.0,0.0,0.0,,,,,,,,,,,,,,,,
245,0.0008029872551560402,-0.22123698890209198,0.00040257739601656795,0.0004004098882433027,0.0,0.0,0.0,0.0,0.0,0.0,0.0,0.0,0.0,,,,,,,,,,,,,,,,
246,0.0008046453585848212,-0.2229309380054474,0.0003970899560954422,0.0004075553733855486,0.0,0.0,0.0,0.0,0.0,0.0,0.0,0.0,0.0,,,,,,,,,,,,,,,,
247,0.0007447965326718986,-0.22498303651809692,0.0003812583163380623,0.0003635382163338363,0.0,0.0,0.0,0.0,0.0,0.0,0.0,0.0,0.0,,,,,,,,,,,,,,,,
248,0.0007396090077236295,-0.22427304089069366,0.0003810001362580806,0.0003586088714655489,0.0,0.0,0.0,0.0,0.0,0.0,0.0,0.0,0.0,,,,,,,,,,,,,,,,
249,0.0007490071002393961,-0.22614786028862,0.0003656269109342247,0.00038338018930517137,0.0,0.0,0.0,0.0,0.0,0.0,0.0,0.0,0.0,,,,,,,,,,,,,,,,
250,0.0007640579715371132,-0.22537192702293396,0.0003739263629540801,0.0003901316085830331,0.0,0.0,0.0,0.0,0.0,0.0,0.0,0.0,0.0,,,,,,,,,,,,,,,,
251,0.0007393959676846862,-0.22553472220897675,0.00037110934499651194,0.0003682866517920047,0.0,0.0,0.0,0.0,0.0,0.0,0.0,0.0,0.0,,,,,,,,,,,,,,,,
252,0.0007820706814527512,-0.22833962738513947,0.0003865896724164486,0.00039548100903630257,0.0,0.0,0.0,0.0,0.0,0.0,0.0,0.0,0.0,,,,,,,,,,,,,,,,
253,0.0007842066697776318,-0.22914792597293854,0.000385251798434183,0.00039895487134344876,0.0,0.0,0.0,0.0,0.0,0.0,0.0,0.0,0.0,,,,,,,,,,,,,,,,
254,0.0007975753396749496,-0.23231355845928192,0.0003994142170995474,0.00039816112257540226,0.0,0.0,0.0,0.0,0.0,0.0,0.0,0.0,0.0,,,,,,,,,,,,,,,,
255,0.0008129905327223241,-0.23077242076396942,0.0004027028626296669,0.0004102876700926572,0.0,0.0,0.0,0.0,0.0,0.0,0.0,0.0,0.0,,,,,,,,,,,,,,,,
256,0.0007873392314650118,-0.22806574404239655,0.0003935974382329732,0.0003937417932320386,0.0,0.0,0.0,0.0,0.0,0.0,0.0,0.0,0.0,,,,,,,,,,,,,,,,
257,0.0007441799389198422,-0.22851654887199402,0.00038018301711417735,0.00036399695090949535,0.0,0.0,0.0,0.0,0.0,0.0,0.0,0.0,0.0,,,,,,,,,,,,,,,,
258,0.0007759558502584696,-0.22889889776706696,0.00039468874456360936,0.0003812671347986907,0.0,0.0,0.0,0.0,0.0,0.0,0.0,0.0,0.0,,,,,,,,,,,,,,,,
259,0.0007517400663346052,-0.2309439778327942,0.000366445368854329,0.00038529466837644577,0.0,0.0,0.0,0.0,0.0,0.0,0.0,0.0,0.0,,,,,,,,,,,,,,,,
260,0.0008093903306871653,-0.23456303775310516,0.0004042587534058839,0.0004051315481774509,0.0,0.0,0.0,0.0,0.0,0.0,0.0,0.0,0.0,,,,,,,,,,,,,,,,
261,0.0007485507521778345,-0.23368506133556366,0.00037167934351600707,0.000376871379557997,0.0,0.0,0.0,0.0,0.0,0.0,0.0,0.0,0.0,,,,,,,,,,,,,,,,
262,0.0007477914914488792,-0.23317354917526245,0.0003754780918825418,0.00037231339956633747,0.0,0.0,0.0,0.0,0.0,0.0,0.0,0.0,0.0,,,,,,,,,,,,,,,,
263,0.000784418429248035,-0.2336883693933487,0.0003829128690995276,0.0004015055892523378,0.0,0.0,0.0,0.0,0.0,0.0,0.0,0.0,0.0,,,,,,,,,,,,,,,,
264,0.0007934542372822762,-0.23564210534095764,0.0004006663803011179,0.00039278785698115826,0.0,0.0,0.0,0.0,0.0,0.0,0.0,0.0,0.0,,,,,,,,,,,,,,,,
265,0.0007513371529057622,-0.23744218051433563,0.0003860746219288558,0.00036526250187307596,0.0,0.0,0.0,0.0,0.0,0.0,0.0,0.0,0.0,,,,,,,,,,,,,,,,
266,0.0007690148195251822,-0.23771187663078308,0.00039158505387604237,0.0003774297656491399,0.0,0.0,0.0,0.0,0.0,0.0,0.0,0.0,0.0,,,,,,,,,,,,,,,,
267,0.0007558505749329925,-0.23839755356311798,0.0003700160013977438,0.0003858346026390791,0.0,0.0,0.0,0.0,0.0,0.0,0.0,0.0,0.0,,,,,,,,,,,,,,,,
268,0.0007529704598709941,-0.2352890521287918,0.0003715776256285608,0.00038139286334626377,0.0,0.0,0.0,0.0,0.0,0.0,0.0,0.0,0.0,,,,,,,,,,,,,,,,
269,0.0007777016144245863,-0.23653317987918854,0.00038048162241466343,0.00039721999200992286,0.0,0.0,0.0,0.0,0.0,0.0,0.0,0.0,0.0,,,,,,,,,,,,,,,,
270,0.0007386278593912721,-0.23611591756343842,0.00037112078280188143,0.00036750707658939064,0.0,0.0,0.0,0.0,0.0,0.0,0.0,0.0,0.0,,,,,,,,,,,,,,,,
271,0.0007593742338940501,-0.23992006480693817,0.0003759675018955022,0.0003834067319985479,0.0,0.0,0.0,0.0,0.0,0.0,0.0,0.0,0.0,,,,,,,,,,,,,,,,
272,0.0007467855466529727,-0.2418331801891327,0.00037415785482153296,0.0003726277209352702,0.0,0.0,0.0,0.0,0.0,0.0,0.0,0.0,0.0,,,,,,,,,,,,,,,,
273,0.0007557033677585423,-0.2431558221578598,0.00037301608244888484,0.00038268728530965745,0.0,0.0,0.0,0.0,0.0,0.0,0.0,0.0,0.0,,,,,,,,,,,,,,,,
274,0.000743820215575397,-0.2426205724477768,0.0003710054443217814,0.00037281474214978516,0.0,0.0,0.0,0.0,0.0,0.0,0.0,0.0,0.0,,,,,,,,,,,,,,,,
275,0.0007409717654809356,-0.24072392284870148,0.0003647104313131422,0.00037626130506396294,0.0,0.0,0.0,0.0,0.0,0.0,0.0,0.0,0.0,,,,,,,,,,,,,,,,
276,0.000746370293200016,-0.24023517966270447,0.0003694556071422994,0.0003769146860577166,0.0,0.0,0.0,0.0,0.0,0.0,0.0,0.0,0.0,,,,,,,,,,,,,,,,
277,0.0007181076798588037,-0.24295349419116974,0.0003667592245619744,0.0003513484844006598,0.0,0.0,0.0,0.0,0.0,0.0,0.0,0.0,0.0,,,,,,,,,,,,,,,,
278,0.0007168409647420049,-0.24484755098819733,0.00035103168920613825,0.0003658093046396971,0.0,0.0,0.0,0.0,0.0,0.0,0.0,0.0,0.0,,,,,,,,,,,,,,,,
279,0.000715862144716084,-0.24427342414855957,0.000352949631633237,0.00036291254218667746,0.0,0.0,0.0,0.0,0.0,0.0,0.0,0.0,0.0,,,,,,,,,,,,,,,,
280,0.0006883221794851124,-0.24426579475402832,0.00034244300331920385,0.0003458791761659086,0.0,0.0,0.0,0.0,0.0,0.0,0.0,0.0,0.0,,,,,,,,,,,,,,,,
281,0.0006948740920051932,-0.24553577601909637,0.00034538653562776744,0.00034948752727359533,0.0,0.0,0.0,0.0,0.0,0.0,0.0,0.0,0.0,,,,,,,,,,,,,,,,
282,0.0007268970366567373,-0.24584908783435822,0.00035876507172361016,0.0003681319358292967,0.0,0.0,0.0,0.0,0.0,0.0,0.0,0.0,0.0,,,,,,,,,,,,,,,,
283,0.0006445763865485787,-0.24710063636302948,0.0003252537571825087,0.0003193226584699005,0.0,0.0,0.0,0.0,0.0,0.0,0.0,0.0,0.0,,,,,,,,,,,,,,,,
284,0.0007828259840607643,-0.2463773936033249,0.0003905915073119104,0.00039223444764502347,0.0,0.0,0.0,0.0,0.0,0.0,0.0,0.0,0.0,,,,,,,,,,,,,,,,
285,0.0007056724862195551,-0.24776212871074677,0.0003695021732710302,0.00033617031294852495,0.0,0.0,0.0,0.0,0.0,0.0,0.0,0.0,0.0,,,,,,,,,,,,,,,,
286,0.0007127763237804174,-0.24858565628528595,0.00035727539216168225,0.00035550096072256565,0.0,0.0,0.0,0.0,0.0,0.0,0.0,0.0,0.0,,,,,,,,,,,,,,,,
287,0.0006838750559836626,-0.24727606773376465,0.0003445562324486673,0.0003393188526388258,0.0,0.0,0.0,0.0,0.0,0.0,0.0,0.0,0.0,,,,,,,,,,,,,,,,
288,0.0007265449385158718,-0.24798789620399475,0.0003628028789535165,0.0003637420595623553,0.0,0.0,0.0,0.0,0.0,0.0,0.0,0.0,0.0,,,,,,,,,,,,,,,,
289,0.0007466478855349123,-0.25122731924057007,0.0003756514051929116,0.0003709964803420007,0.0,0.0,0.0,0.0,0.0,0.0,0.0,0.0,0.0,,,,,,,,,,,,,,,,
290,0.0007502468070015311,-0.25220561027526855,0.00037381687434390187,0.0003764299035537988,0.0,0.0,0.0,0.0,0.0,0.0,0.0,0.0,0.0,,,,,,,,,,,,,,,,
291,0.0006969635142013431,-0.25129324197769165,0.0003342229756526649,0.0003627405676525086,0.0,0.0,0.0,0.0,0.0,0.0,0.0,0.0,0.0,,,,,,,,,,,,,,,,
292,0.0006966192740947008,-0.25076615810394287,0.0003433871897868812,0.00035323205520398915,0.0,0.0,0.0,0.0,0.0,0.0,0.0,0.0,0.0,,,,,,,,,,,,,,,,
293,0.0006960575701668859,-0.2511135935783386,0.0003471463278401643,0.0003489112132228911,0.0,0.0,0.0,0.0,0.0,0.0,0.0,0.0,0.0,,,,,,,,,,,,,,,,
294,0.0007775083649903536,-0.2542625367641449,0.0003915959969162941,0.00038591233897022903,0.0,0.0,0.0,0.0,0.0,0.0,0.0,0.0,0.0,,,,,,,,,,,,,,,,
295,0.0007450475241057575,-0.25448334217071533,0.0003708640579134226,0.0003741834661923349,0.0,0.0,0.0,0.0,0.0,0.0,0.0,0.0,0.0,,,,,,,,,,,,,,,,
296,0.0006863315356895328,-0.253724604845047,0.00034999861964024603,0.0003363329451531172,0.0,0.0,0.0,0.0,0.0,0.0,0.0,0.0,0.0,,,,,,,,,,,,,,,,
297,0.0007175740320235491,-0.25244852900505066,0.000357139011612162,0.00036043499130755663,0.0,0.0,0.0,0.0,0.0,0.0,0.0,0.0,0.0,,,,,,,,,,,,,,,,
298,0.0006827916949987411,-0.25368553400039673,0.00033078721025958657,0.0003520044556353241,0.0,0.0,0.0,0.0,0.0,0.0,0.0,0.0,0.0,,,,,,,,,,,,,,,,
299,0.0006798269459977746,-0.25471603870391846,0.00033617005101405084,0.00034365689498372376,0.0,0.0,0.0,0.0,0.0,0.0,0.0,0.0,0.0,,,,,,,,,,,,,,,,
300,0.000625720655079931,-0.25684791803359985,0.0003115460276603699,0.00031417462741956115,0.0,0.0,0.0,0.0,0.0,0.0,0.0,0.0,0.0,,,,,,,,,,,,,,,,
301,0.0007213167264126241,-0.2580231726169586,0.0003602741926442832,0.00036104253376834095,0.0,0.0,0.0,0.0,0.0,0.0,0.0,0.0,0.0,,,,,,,,,,,,,,,,
302,0.0006891206139698625,-0.2593843340873718,0.00034195161424577236,0.00034716897062025964,0.0,0.0,0.0,0.0,0.0,0.0,0.0,0.0,0.0,,,,,,,,,,,,,,,,
303,0.0006533847190439701,-0.258545845746994,0.0003290677268523723,0.0003243169921915978,0.0,0.0,0.0,0.0,0.0,0.0,0.0,0.0,0.0,,,,,,,,,,,,,,,,
304,0.0006573244463652372,-0.259487122297287,0.0003343848220538348,0.0003229396534152329,0.0,0.0,0.0,0.0,0.0,0.0,0.0,0.0,0.0,,,,,,,,,,,,,,,,
305,0.0006524113123305142,-0.2594575881958008,0.00032034743344411254,0.00033206387888640165,0.0,0.0,0.0,0.0,0.0,0.0,0.0,0.0,0.0,,,,,,,,,,,,,,,,
306,0.000690670742187649,-0.260822594165802,0.0003359798574820161,0.0003546908847056329,0.0,0.0,0.0,0.0,0.0,0.0,0.0,0.0,0.0,,,,,,,,,,,,,,,,
307,0.0007152984035201371,-0.26035138964653015,0.0003597502363845706,0.0003555481671355665,0.0,0.0,0.0,0.0,0.0,0.0,0.0,0.0,0.0,,,,,,,,,,,,,,,,
308,0.0007459266344085336,-0.26204565167427063,0.0003692819154821336,0.0003766446898225695,0.0,0.0,0.0,0.0,0.0,0.0,0.0,0.0,0.0,,,,,,,,,,,,,,,,
309,0.0007006028899922967,-0.2609509527683258,0.0003498604637570679,0.0003507423971313983,0.0,0.0,0.0,0.0,0.0,0.0,0.0,0.0,0.0,,,,,,,,,,,,,,,,
310,0.0006652714218944311,-0.2612295150756836,0.0003295640926808119,0.00033570732921361923,0.0,0.0,0.0,0.0,0.0,0.0,0.0,0.0,0.0,,,,,,,,,,,,,,,,
311,0.0007068588747642934,-0.2619704306125641,0.0003523653431329876,0.0003544935316313058,0.0,0.0,0.0,0.0,0.0,0.0,0.0,0.0,0.0,,,,,,,,,,,,,,,,
312,0.0006432477384805679,-0.2649596631526947,0.0003237916389480233,0.0003194560995325446,0.0,0.0,0.0,0.0,0.0,0.0,0.0,0.0,0.0,,,,,,,,,,,,,,,,
313,0.0006921907188370824,-0.26671886444091797,0.0003479275037534535,0.00034426318597979844,0.0,0.0,0.0,0.0,0.0,0.0,0.0,0.0,0.0,,,,,,,,,,,,,,,,
314,0.0006775243673473597,-0.26557838916778564,0.0003374461375642568,0.0003400782588869333,0.0,0.0,0.0,0.0,0.0,0.0,0.0,0.0,0.0,,,,,,,,,,,,,,,,
315,0.0006946151843294501,-0.2637140452861786,0.0003475133271422237,0.00034710188629105687,0.0,0.0,0.0,0.0,0.0,0.0,0.0,0.0,0.0,,,,,,,,,,,,,,,,
316,0.0006443175370804965,-0.26386943459510803,0.0003233269671909511,0.00032099056988954544,0.0,0.0,0.0,0.0,0.0,0.0,0.0,0.0,0.0,,,,,,,,,,,,,,,,
317,0.0006386763416230679,-0.2625363767147064,0.00032527834991924465,0.00031339796259999275,0.0,0.0,0.0,0.0,0.0,0.0,0.0,0.0,0.0,,,,,,,,,,,,,,,,
318,0.000661054567899555,-0.26772627234458923,0.00032661325531080365,0.0003344413125887513,0.0,0.0,0.0,0.0,0.0,0.0,0.0,0.0,0.0,,,,,,,,,,,,,,,,
319,0.0006599772605113685,-0.26789867877960205,0.00032733113039284945,0.00033264613011851907,0.0,0.0,0.0,0.0,0.0,0.0,0.0,0.0,0.0,,,,,,,,,,,,,,,,
320,0.0006775484653189778,-0.2710506319999695,0.00033684849040582776,0.0003406999458093196,0.0,0.0,0.0,0.0,0.0,0.0,0.0,0.0,0.0,,,,,,,,,,,,,,,,
321,0.0006576768355444074,-0.2709031403064728,0.0003247134736739099,0.000332963332766667,0.0,0.0,0.0,0.0,0.0,0.0,0.0,0.0,0.0,,,,,,,,,,,,,,,,
322,0.0006906820926815271,-0.26856446266174316,0.0003492975956760347,0.000341384467901662,0.0,0.0,0.0,0.0,0.0,0.0,0.0,0.0,0.0,,,,,,,,,,,,,,,,
323,0.000706652645021677,-0.26858949661254883,0.0003492162795737386,0.000357436336344108,0.0,0.0,0.0,0.0,0.0,0.0,0.0,0.0,0.0,,,,,,,,,,,,,,,,
324,0.0006540404865518212,-0.26962992548942566,0.0003306015860289335,0.00032343887141905725,0.0,0.0,0.0,0.0,0.0,0.0,0.0,0.0,0.0,,,,,,,,,,,,,,,,
325,0.000688729458488524,-0.2714969515800476,0.0003433598030824214,0.00034536965540610254,0.0,0.0,0.0,0.0,0.0,0.0,0.0,0.0,0.0,,,,,,,,,,,,,,,,
326,0.0006585326045751572,-0.27200090885162354,0.0003267332212999463,0.0003317994123790413,0.0,0.0,0.0,0.0,0.0,0.0,0.0,0.0,0.0,,,,,,,,,,,,,,,,
327,0.00063762825448066,-0.27197182178497314,0.00032297734287567437,0.00031465094070881605,0.0,0.0,0.0,0.0,0.0,0.0,0.0,0.0,0.0,,,,,,,,,,,,,,,,
328,0.0006734542548656464,-0.2730151414871216,0.0003290137683507055,0.0003444405156187713,0.0,0.0,0.0,0.0,0.0,0.0,0.0,0.0,0.0,,,,,,,,,,,,,,,,
329,0.0006124876672402024,-0.2720046639442444,0.0003082677721977234,0.0003042199241463095,0.0,0.0,0.0,0.0,0.0,0.0,0.0,0.0,0.0,,,,,,,,,,,,,,,,
330,0.0006500000599771738,-0.2728700637817383,0.0003218830970581621,0.00032811693381518126,0.0,0.0,0.0,0.0,0.0,0.0,0.0,0.0,0.0,,,,,,,,,,,,,,,,
331,0.0006191860884428024,-0.2743293344974518,0.0003150065604131669,0.00030417952802963555,0.0,0.0,0.0,0.0,0.0,0.0,0.0,0.0,0.0,,,,,,,,,,,,,,,,
332,0.0006467991624958813,-0.2758643925189972,0.0003141755296383053,0.000332623632857576,0.0,0.0,0.0,0.0,0.0,0.0,0.0,0.0,0.0,,,,,,,,,,,,,,,,
333,0.0005959014524705708,-0.274933785200119,0.00029936537612229586,0.00029653607634827495,0.0,0.0,0.0,0.0,0.0,0.0,0.0,0.0,0.0,,,,,,,,,,,,,,,,
334,0.0005986476317048073,-0.2761527895927429,0.0002956489915959537,0.0003029986401088536,0.0,0.0,0.0,0.0,0.0,0.0,0.0,0.0,0.0,,,,,,,,,,,,,,,,
335,0.0006427434855140746,-0.2772277593612671,0.0003233730385545641,0.00031937044695951045,0.0,0.0,0.0,0.0,0.0,0.0,0.0,0.0,0.0,,,,,,,,,,,,,,,,
336,0.0006541510811075568,-0.2787775993347168,0.0003238873614463955,0.00033026374876499176,0.0,0.0,0.0,0.0,0.0,0.0,0.0,0.0,0.0,,,,,,,,,,,,,,,,
337,0.0006970872636884451,-0.2791583240032196,0.00034941016929224133,0.0003476771235000342,0.0,0.0,0.0,0.0,0.0,0.0,0.0,0.0,0.0,,,,,,,,,,,,,,,,
338,0.00065828044898808,-0.27620768547058105,0.00032975742942653596,0.00032852301956154406,0.0,0.0,0.0,0.0,0.0,0.0,0.0,0.0,0.0,,,,,,,,,,,,,,,,
339,0.0006357586826197803,-0.2765159606933594,0.00032129575265571475,0.00031446292996406555,0.0,0.0,0.0,0.0,0.0,0.0,0.0,0.0,0.0,,,,,,,,,,,,,,,,
340,0.0006121969781816006,-0.27672046422958374,0.00030823692213743925,0.00030396002694033086,0.0,0.0,0.0,0.0,0.0,0.0,0.0,0.0,0.0,,,,,,,,,,,,,,,,
341,0.0006383495638146996,-0.28154680132865906,0.0003205839602742344,0.0003177655744366348,0.0,0.0,0.0,0.0,0.0,0.0,0.0,0.0,0.0,,,,,,,,,,,,,,,,
342,0.0006325707072392106,-0.28350844979286194,0.0003170328272972256,0.000315537879941985,0.0,0.0,0.0,0.0,0.0,0.0,0.0,0.0,0.0,,,,,,,,,,,,,,,,
343,0.0006858877022750676,-0.2815867066383362,0.0003426653565838933,0.00034322234569117427,0.0,0.0,0.0,0.0,0.0,0.0,0.0,0.0,0.0,,,,,,,,,,,,,,,,
344,0.0006077695870772004,-0.27977558970451355,0.0003000425058417022,0.00030772705213166773,0.0,0.0,0.0,0.0,0.0,0.0,0.0,0.0,0.0,,,,,,,,,,,,,,,,
345,0.0006622688379138708,-0.28097042441368103,0.0003322997654322535,0.0003299690433777869,0.0,0.0,0.0,0.0,0.0,0.0,0.0,0.0,0.0,,,,,,,,,,,,,,,,
346,0.0006156773888505995,-0.2827041447162628,0.00030883136787451804,0.0003068460209760815,0.0,0.0,0.0,0.0,0.0,0.0,0.0,0.0,0.0,,,,,,,,,,,,,,,,
347,0.0006380381528288126,-0.2848380208015442,0.0003107333031948656,0.000327304849633947,0.0,0.0,0.0,0.0,0.0,0.0,0.0,0.0,0.0,,,,,,,,,,,,,,,,
348,0.000619498488958925,-0.2850806415081024,0.0003090448153670877,0.0003104536735918373,0.0,0.0,0.0,0.0,0.0,0.0,0.0,0.0,0.0,,,,,,,,,,,,,,,,
349,0.0006276413332670927,-0.28247880935668945,0.00031061709159985185,0.00031702424166724086,0.0,0.0,0.0,0.0,0.0,0.0,0.0,0.0,0.0,,,,,,,,,,,,,,,,
350,0.0006159880431368947,-0.2825833857059479,0.00030909499037079513,0.00030689308186993003,0.0,0.0,0.0,0.0,0.0,0.0,0.0,0.0,0.0,,,,,,,,,,,,,,,,
351,0.0005925644072704017,-0.2841126322746277,0.0002972294169012457,0.000295334990369156,0.0,0.0,0.0,0.0,0.0,0.0,0.0,0.0,0.0,,,,,,,,,,,,,,,,
352,0.0006193189765326679,-0.2887137532234192,0.0003189248382113874,0.0003003941383212805,0.0,0.0,0.0,0.0,0.0,0.0,0.0,0.0,0.0,,,,,,,,,,,,,,,,
353,0.0006600373890250921,-0.28948837518692017,0.0003327498852740973,0.00032728753285482526,0.0,0.0,0.0,0.0,0.0,0.0,0.0,0.0,0.0,,,,,,,,,,,,,,,,
354,0.0005941857234574854,-0.28800925612449646,0.0002990101929754019,0.00029517553048208356,0.0,0.0,0.0,0.0,0.0,0.0,0.0,0.0,0.0,,,,,,,,,,,,,,,,
355,0.0006170474225655198,-0.2861420810222626,0.00030813590274192393,0.0003089115198235959,0.0,0.0,0.0,0.0,0.0,0.0,0.0,0.0,0.0,,,,,,,,,,,,,,,,
356,0.0006297283107414842,-0.2865418791770935,0.00031103051151148975,0.0003186978283338249,0.0,0.0,0.0,0.0,0.0,0.0,0.0,0.0,0.0,,,,,,,,,,,,,,,,
357,0.0005840105004608631,-0.2895345091819763,0.00029006609111092985,0.0002939444384537637,0.0,0.0,0.0,0.0,0.0,0.0,0.0,0.0,0.0,,,,,,,,,,,,,,,,
358,0.0006257214117795229,-0.2893895208835602,0.000314775767037645,0.00031094561563804746,0.0,0.0,0.0,0.0,0.0,0.0,0.0,0.0,0.0,,,,,,,,,,,,,,,,
359,0.0006035752594470978,-0.28995075821876526,0.00030694433371536434,0.00029663092573173344,0.0,0.0,0.0,0.0,0.0,0.0,0.0,0.0,0.0,,,,,,,,,,,,,,,,
360,0.0006324770511128008,-0.2891044020652771,0.0003159677144140005,0.0003165093366988003,0.0,0.0,0.0,0.0,0.0,0.0,0.0,0.0,0.0,,,,,,,,,,,,,,,,
361,0.0006291510653682053,-0.289575457572937,0.00030685673118568957,0.00032229433418251574,0.0,0.0,0.0,0.0,0.0,0.0,0.0,0.0,0.0,,,,,,,,,,,,,,,,
362,0.0005913763307034969,-0.29339393973350525,0.0002906849840655923,0.00030069134663790464,0.0,0.0,0.0,0.0,0.0,0.0,0.0,0.0,0.0,,,,,,,,,,,,,,,,
363,0.000587444519624114,-0.2932227551937103,0.00029130588518455625,0.0002961386344395578,0.0,0.0,0.0,0.0,0.0,0.0,0.0,0.0,0.0,,,,,,,,,,,,,,,,
364,0.0006474548717960715,-0.29286766052246094,0.0003187815600540489,0.0003286732826381922,0.0,0.0,0.0,0.0,0.0,0.0,0.0,0.0,0.0,,,,,,,,,,,,,,,,
365,0.0006109734531491995,-0.29380521178245544,0.00030417798552662134,0.0003067954967264086,0.0,0.0,0.0,0.0,0.0,0.0,0.0,0.0,0.0,,,,,,,,,,,,,,,,
366,0.0005804842221550643,-0.29397138953208923,0.000289204646833241,0.00029127957532182336,0.0,0.0,0.0,0.0,0.0,0.0,0.0,0.0,0.0,,,,,,,,,,,,,,,,
367,0.0005746472743339837,-0.29453492164611816,0.00028228142764419317,0.0002923658466897905,0.0,0.0,0.0,0.0,0.0,0.0,0.0,0.0,0.0,,,,,,,,,,,,,,,,
368,0.000578557956032455,-0.2948583960533142,0.000296706915833056,0.00028185106930322945,0.0,0.0,0.0,0.0,0.0,0.0,0.0,0.0,0.0,,,,,,,,,,,,,,,,
369,0.0005774474702775478,-0.2954273521900177,0.0002878972445614636,0.0002895501966122538,0.0,0.0,0.0,0.0,0.0,0.0,0.0,0.0,0.0,,,,,,,,,,,,,,,,
370,0.0005982874426990747,-0.29511579871177673,0.00029773841379210353,0.0003005490580108017,0.0,0.0,0.0,0.0,0.0,0.0,0.0,0.0,0.0,,,,,,,,,,,,,,,,
371,0.0006205982062965631,-0.29641371965408325,0.0003122201014775783,0.00030837810481898487,0.0,0.0,0.0,0.0,0.0,0.0,0.0,0.0,0.0,,,,,,,,,,,,,,,,
372,0.0005844159750267863,-0.2983129322528839,0.0002936831151600927,0.00029073288897052407,0.0,0.0,0.0,0.0,0.0,0.0,0.0,0.0,0.0,,,,,,,,,,,,,,,,
373,0.0005930113838985562,-0.29676926136016846,0.0002941142884083092,0.00029889706638641655,0.0,0.0,0.0,0.0,0.0,0.0,0.0,0.0,0.0,,,,,,,,,,,,,,,,
374,0.0005843452527187765,-0.29675114154815674,0.00028871509130112827,0.0002956301614176482,0.0,0.0,0.0,0.0,0.0,0.0,0.0,0.0,0.0,,,,,,,,,,,,,,,,
375,0.0005841139936819673,-0.2997889816761017,0.0002920871484093368,0.00029202684527263045,0.0,0.0,0.0,0.0,0.0,0.0,0.0,0.0,0.0,,,,,,,,,,,,,,,,
376,0.0005963379517197609,-0.2990751564502716,0.00030254683224484324,0.0002937911485787481,0.0,0.0,0.0,0.0,0.0,0.0,0.0,0.0,0.0,,,,,,,,,,,,,,,,
377,0.0005983274895697832,-0.2976117730140686,0.00029924025875516236,0.0002990872599184513,0.0,0.0,0.0,0.0,0.0,0.0,0.0,0.0,0.0,,,,,,,,,,,,,,,,
378,0.0005518514662981033,-0.29867056012153625,0.00027485459577292204,0.0002769968705251813,0.0,0.0,0.0,0.0,0.0,0.0,0.0,0.0,0.0,,,,,,,,,,,,,,,,
379,0.0006719138473272324,-0.2992634177207947,0.0003328531456645578,0.00033906070166267455,0.0,0.0,0.0,0.0,0.0,0.0,0.0,0.0,0.0,,,,,,,,,,,,,,,,
380,0.000591143558267504,-0.3003067970275879,0.00029103585984557867,0.0003001076984219253,0.0,0.0,0.0,0.0,0.0,0.0,0.0,0.0,0.0,,,,,,,,,,,,,,,,
381,0.000577159458771348,-0.3029390573501587,0.00028869527159258723,0.0002884642162825912,0.0,0.0,0.0,0.0,0.0,0.0,0.0,0.0,0.0,,,,,,,,,,,,,,,,
382,0.0005642318865284324,-0.302366703748703,0.0002831032907124609,0.00028112856671214104,0.0,0.0,0.0,0.0,0.0,0.0,0.0,0.0,0.0,,,,,,,,,,,,,,,,
383,0.0005740163032896817,-0.3026498258113861,0.00028771060169674456,0.0002863057015929371,0.0,0.0,0.0,0.0,0.0,0.0,0.0,0.0,0.0,,,,,,,,,,,,,,,,
384,0.0006171186687424779,-0.30293187499046326,0.00031676460639573634,0.000300354091450572,0.0,0.0,0.0,0.0,0.0,0.0,0.0,0.0,0.0,,,,,,,,,,,,,,,,
385,0.0005886418512091041,-0.3041969835758209,0.00029804313089698553,0.0002905986912082881,0.0,0.0,0.0,0.0,0.0,0.0,0.0,0.0,0.0,,,,,,,,,,,,,,,,
386,0.0005669849924743176,-0.30297383666038513,0.00027732300804927945,0.0002896619844250381,0.0,0.0,0.0,0.0,0.0,0.0,0.0,0.0,0.0,,,,,,,,,,,,,,,,
387,0.0005770057323388755,-0.3043673634529114,0.00028956439928151667,0.00028744133305735886,0.0,0.0,0.0,0.0,0.0,0.0,0.0,0.0,0.0,,,,,,,,,,,,,,,,
388,0.0005739119369536638,-0.3055242598056793,0.00029451106092892587,0.0002794009051285684,0.0,0.0,0.0,0.0,0.0,0.0,0.0,0.0,0.0,,,,,,,,,,,,,,,,
389,0.0005877397488802671,-0.3066965639591217,0.00029627993353642523,0.00029145984444767237,0.0,0.0,0.0,0.0,0.0,0.0,0.0,0.0,0.0,,,,,,,,,,,,,,,,
390,0.0005755434976890683,-0.30717021226882935,0.00029280228773131967,0.00028274120995774865,0.0,0.0,0.0,0.0,0.0,0.0,0.0,0.0,0.0,,,,,,,,,,,,,,,,
391,0.0005706048104912043,-0.3073842525482178,0.0002894257486332208,0.0002811790909618139,0.0,0.0,0.0,0.0,0.0,0.0,0.0,0.0,0.0,,,,,,,,,,,,,,,,
392,0.0005477847880683839,-0.3072371482849121,0.0002709869004320353,0.0002767978876363486,0.0,0.0,0.0,0.0,0.0,0.0,0.0,0.0,0.0,,,,,,,,,,,,,,,,
393,0.0005765484529547393,-0.30985134840011597,0.0002905996807385236,0.00028594877221621573,0.0,0.0,0.0,0.0,0.0,0.0,0.0,0.0,0.0,,,,,,,,,,,,,,,,
394,0.0005349712446331978,-0.3114141523838043,0.0002633546246215701,0.0002716165909077972,0.0,0.0,0.0,0.0,0.0,0.0,0.0,0.0,0.0,,,,,,,,,,,,,,,,
395,0.0005373909953050315,-0.30949246883392334,0.00026190283824689686,0.0002754881570581347,0.0,0.0,0.0,0.0,0.0,0.0,0.0,0.0,0.0,,,,,,,,,,,,,,,,
396,0.0005735839949920774,-0.3091007471084595,0.00028802367160096765,0.00028556035249494016,0.0,0.0,0.0,0.0,0.0,0.0,0.0,0.0,0.0,,,,,,,,,,,,,,,,
397,0.0005658294539898634,-0.30990633368492126,0.00028038385789841413,0.0002854456251952797,0.0,0.0,0.0,0.0,0.0,0.0,0.0,0.0,0.0,,,,,,,,,,,,,,,,
398,0.0005770294228568673,-0.3096156120300293,0.0002948209294117987,0.0002822084934450686,0.0,0.0,0.0,0.0,0.0,0.0,0.0,0.0,0.0,,,,,,,,,,,,,,,,
399,0.0005266153020784259,-0.31064173579216003,0.0002674343704711646,0.0002591809316072613,0.0,0.0,0.0,0.0,0.0,0.0,0.0,0.0,0.0,,,,,,,,,,,,,,,,
400,0.0005897082155570388,-0.3110412061214447,0.00029795142472721636,0.00029175676172599196,0.0,0.0,0.0,0.0,0.0,0.0,0.0,0.0,0.0,,,,,,,,,,,,,,,,
401,0.0005317088216543198,-0.31296801567077637,0.0002651647664606571,0.0002665440842974931,0.0,0.0,0.0,0.0,0.0,0.0,0.0,0.0,0.0,,,,,,,,,,,,,,,,
402,0.0005818033823743463,-0.3137849271297455,0.0002900334948208183,0.00029176988755352795,0.0,0.0,0.0,0.0,0.0,0.0,0.0,0.0,0.0,,,,,,,,,,,,,,,,
403,0.0005788591224700212,-0.31424519419670105,0.0002904523571487516,0.0002884067362174392,0.0,0.0,0.0,0.0,0.0,0.0,0.0,0.0,0.0,,,,,,,,,,,,,,,,
404,0.000599549850448966,-0.31236162781715393,0.0002990707871504128,0.0003004790924023837,0.0,0.0,0.0,0.0,0.0,0.0,0.0,0.0,0.0,,,,,,,,,,,,,,,,
405,0.0005182343884371221,-0.3152465224266052,0.0002565914473962039,0.00026164294104091823,0.0,0.0,0.0,0.0,0.0,0.0,0.0,0.0,0.0,,,,,,,,,,,,,,,,
406,0.0005575111135840416,-0.3171260356903076,0.00027686101384460926,0.0002806501288432628,0.0,0.0,0.0,0.0,0.0,0.0,0.0,0.0,0.0,,,,,,,,,,,,,,,,
407,0.0005540958954952657,-0.31713342666625977,0.00027888070326298475,0.00027521519223228097,0.0,0.0,0.0,0.0,0.0,0.0,0.0,0.0,0.0,,,,,,,,,,,,,,,,
408,0.0005923795979470015,-0.31643566489219666,0.0002990753564517945,0.0002933042705990374,0.0,0.0,0.0,0.0,0.0,0.0,0.0,0.0,0.0,,,,,,,,,,,,,,,,
409,0.0005437654908746481,-0.31679895520210266,0.00027016946114599705,0.0002735960588324815,0.0,0.0,0.0,0.0,0.0,0.0,0.0,0.0,0.0,,,,,,,,,,,,,,,,
410,0.0005054440116509795,-0.3164031207561493,0.0002549698983784765,0.00025047408416867256,0.0,0.0,0.0,0.0,0.0,0.0,0.0,0.0,0.0,,,,,,,,,,,,,,,,
411,0.0005959945265203714,-0.3178955018520355,0.00030696066096425056,0.0002890338364522904,0.0,0.0,0.0,0.0,0.0,0.0,0.0,0.0,0.0,,,,,,,,,,,,,,,,
412,0.0005715332226827741,-0.3185303509235382,0.00028713414212688804,0.00028439908055588603,0.0,0.0,0.0,0.0,0.0,0.0,0.0,0.0,0.0,,,,,,,,,,,,,,,,
413,0.0005317663308233023,-0.31871354579925537,0.0002704643411561847,0.00026130196056328714,0.0,0.0,0.0,0.0,0.0,0.0,0.0,0.0,0.0,,,,,,,,,,,,,,,,
414,0.0005176911945454776,-0.3180128335952759,0.0002594809920992702,0.0002582102024462074,0.0,0.0,0.0,0.0,0.0,0.0,0.0,0.0,0.0,,,,,,,,,,,,,,,,
415,0.0005514466320164502,-0.31898418068885803,0.00028370367363095284,0.00026774295838549733,0.0,0.0,0.0,0.0,0.0,0.0,0.0,0.0,0.0,,,,,,,,,,,,,,,,
416,0.0005548419430851936,-0.32168400287628174,0.00027552657411433756,0.00027931536897085607,0.0,0.0,0.0,0.0,0.0,0.0,0.0,0.0,0.0,,,,,,,,,,,,,,,,
417,0.0005142162553966045,-0.3211800158023834,0.000258546118857339,0.0002556701365392655,0.0,0.0,0.0,0.0,0.0,0.0,0.0,0.0,0.0,,,,,,,,,,,,,,,,
418,0.0005643651820719242,-0.32032740116119385,0.0002824876573868096,0.00028187749558128417,0.0,0.0,0.0,0.0,0.0,0.0,0.0,0.0,0.0,,,,,,,,,,,,,,,,
419,0.0005918049719184637,-0.3213580846786499,0.00029619786073453724,0.0002956071402877569,0.0,0.0,0.0,0.0,0.0,0.0,0.0,0.0,0.0,,,,,,,,,,,,,,,,
420,0.0005348398117348552,-0.3233141303062439,0.00026306105428375304,0.00027177875745110214,0.0,0.0,0.0,0.0,0.0,0.0,0.0,0.0,0.0,,,,,,,,,,,,,,,,
421,0.0005631177918985486,-0.32444703578948975,0.00027817938826046884,0.00028493840363807976,0.0,0.0,0.0,0.0,0.0,0.0,0.0,0.0,0.0,,,,,,,,,,,,,,,,
422,0.0005295625887811184,-0.3225594162940979,0.0002606691268738359,0.000268893432803452,0.0,0.0,0.0,0.0,0.0,0.0,0.0,0.0,0.0,,,,,,,,,,,,,,,,
423,0.0005168749485164881,-0.3227941691875458,0.0002618222788441926,0.00025505266967229545,0.0,0.0,0.0,0.0,0.0,0.0,0.0,0.0,0.0,,,,,,,,,,,,,,,,
424,0.000521366368047893,-0.3260783851146698,0.0002629466471262276,0.0002584197500254959,0.0,0.0,0.0,0.0,0.0,0.0,0.0,0.0,0.0,,,,,,,,,,,,,,,,
425,0.0005179342697374523,-0.3288748264312744,0.0002615962002892047,0.00025633806944824755,0.0,0.0,0.0,0.0,0.0,0.0,0.0,0.0,0.0,,,,,,,,,,,,,,,,
426,0.000553136458620429,-0.3265640437602997,0.00027405325090512633,0.00027908323681913316,0.0,0.0,0.0,0.0,0.0,0.0,0.0,0.0,0.0,,,,,,,,,,,,,,,,
427,0.000518198125064373,-0.32360827922821045,0.0002589291543699801,0.0002592689706943929,0.0,0.0,0.0,0.0,0.0,0.0,0.0,0.0,0.0,,,,,,,,,,,,,,,,
428,0.000576492864638567,-0.32425522804260254,0.0002910510520450771,0.00028544178348965943,0.0,0.0,0.0,0.0,0.0,0.0,0.0,0.0,0.0,,,,,,,,,,,,,,,,
429,0.0005289613036438823,-0.3291052281856537,0.00026341911870986223,0.0002655422140378505,0.0,0.0,0.0,0.0,0.0,0.0,0.0,0.0,0.0,,,,,,,,,,,,,,,,
430,0.000507169752381742,-0.32960259914398193,0.0002536429965402931,0.00025352672673761845,0.0,0.0,0.0,0.0,0.0,0.0,0.0,0.0,0.0,,,,,,,,,,,,,,,,
431,0.0005077209789305925,-0.3275644779205322,0.00025336124235764146,0.0002543597074691206,0.0,0.0,0.0,0.0,0.0,0.0,0.0,0.0,0.0,,,,,,,,,,,,,,,,
432,0.0005333680892363191,-0.3279121220111847,0.000271301920292899,0.0002620661980472505,0.0,0.0,0.0,0.0,0.0,0.0,0.0,0.0,0.0,,,,,,,,,,,,,,,,
433,0.0004956265911459923,-0.32908332347869873,0.000251108460361138,0.00024451815988868475,0.0,0.0,0.0,0.0,0.0,0.0,0.0,0.0,0.0,,,,,,,,,,,,,,,,
434,0.00054175965487957,-0.3297802805900574,0.00027131682145409286,0.00027044283342547715,0.0,0.0,0.0,0.0,0.0,0.0,0.0,0.0,0.0,,,,,,,,,,,,,,,,
435,0.0005336307222023606,-0.33013126254081726,0.00026822451036423445,0.00026540624094195664,0.0,0.0,0.0,0.0,0.0,0.0,0.0,0.0,0.0,,,,,,,,,,,,,,,,
436,0.00048196749412454665,-0.32754847407341003,0.0002404704428045079,0.00024149705132003874,0.0,0.0,0.0,0.0,0.0,0.0,0.0,0.0,0.0,,,,,,,,,,,,,,,,
437,0.0005206512287259102,-0.3304544985294342,0.0002617213176563382,0.00025892994017340243,0.0,0.0,0.0,0.0,0.0,0.0,0.0,0.0,0.0,,,,,,,,,,,,,,,,
438,0.0004852915299125016,-0.330411434173584,0.00023843944654799998,0.0002468520833645016,0.0,0.0,0.0,0.0,0.0,0.0,0.0,0.0,0.0,,,,,,,,,,,,,,,,
439,0.0004931858275085688,-0.33170512318611145,0.00024901924189180136,0.00024416655651293695,0.0,0.0,0.0,0.0,0.0,0.0,0.0,0.0,0.0,,,,,,,,,,,,,,,,
440,0.0005302547942847013,-0.33335456252098083,0.00026930554304271936,0.000260949251241982,0.0,0.0,0.0,0.0,0.0,0.0,0.0,0.0,0.0,,,,,,,,,,,,,,,,
441,0.00048392615281045437,-0.3360649645328522,0.00024141349422279745,0.00024251267313957214,0.0,0.0,0.0,0.0,0.0,0.0,0.0,0.0,0.0,,,,,,,,,,,,,,,,
442,0.0005028636078350246,-0.3347376585006714,0.00024760543601587415,0.00025525817181915045,0.0,0.0,0.0,0.0,0.0,0.0,0.0,0.0,0.0,,,,,,,,,,,,,,,,
443,0.0005250228568911552,-0.33407503366470337,0.0002615022240206599,0.0002635206619743258,0.0,0.0,0.0,0.0,0.0,0.0,0.0,0.0,0.0,,,,,,,,,,,,,,,,
444,0.0005106510943733156,-0.33166950941085815,0.00025277197710238397,0.0002578791172709316,0.0,0.0,0.0,0.0,0.0,0.0,0.0,0.0,0.0,,,,,,,,,,,,,,,,
445,0.0004957271739840508,-0.3316129446029663,0.000254195649176836,0.00024153152480721474,0.0,0.0,0.0,0.0,0.0,0.0,0.0,0.0,0.0,,,,,,,,,,,,,,,,
446,0.0005683053750544786,-0.33644819259643555,0.0002890542382374406,0.0002792511659208685,0.0,0.0,0.0,0.0,0.0,0.0,0.0,0.0,0.0,,,,,,,,,,,,,,,,
447,0.0004983394755981863,-0.3409302532672882,0.00025548809207975864,0.0002428513835184276,0.0,0.0,0.0,0.0,0.0,0.0,0.0,0.0,0.0,,,,,,,,,,,,,,,,
448,0.0005296129966154695,-0.33759742975234985,0.00026312339468859136,0.0002664896019268781,0.0,0.0,0.0,0.0,0.0,0.0,0.0,0.0,0.0,,,,,,,,,,,,,,,,
449,0.000520090339705348,-0.33342424035072327,0.00026166182942688465,0.0002584285393822938,0.0,0.0,0.0,0.0,0.0,0.0,0.0,0.0,0.0,,,,,,,,,,,,,,,,
450,0.0005375257460400462,-0.3361380994319916,0.00026584521401673555,0.0002716805611271411,0.0,0.0,0.0,0.0,0.0,0.0,0.0,0.0,0.0,,,,,,,,,,,,,,,,
451,0.0005292398273013532,-0.342135488986969,0.00026521700783632696,0.00026402281946502626,0.0,0.0,0.0,0.0,0.0,0.0,0.0,0.0,0.0,,,,,,,,,,,,,,,,
452,0.0005452364566735923,-0.34314677119255066,0.0002700237382669002,0.00027521271840669215,0.0,0.0,0.0,0.0,0.0,0.0,0.0,0.0,0.0,,,,,,,,,,,,,,,,
453,0.0005225343629717827,-0.3358742892742157,0.0002667252847459167,0.0002558090491220355,0.0,0.0,0.0,0.0,0.0,0.0,0.0,0.0,0.0,,,,,,,,,,,,,,,,
454,0.0004963183891959488,-0.33419522643089294,0.00025262462440878153,0.0002436937647871673,0.0,0.0,0.0,0.0,0.0,0.0,0.0,0.0,0.0,,,,,,,,,,,,,,,,
455,0.0005183230387046933,-0.33950668573379517,0.00025958518381230533,0.00025873788399621844,0.0,0.0,0.0,0.0,0.0,0.0,0.0,0.0,0.0,,,,,,,,,,,,,,,,
456,0.0004916765028610826,-0.3464753329753876,0.0002468455058988184,0.0002448309678584337,0.0,0.0,0.0,0.0,0.0,0.0,0.0,0.0,0.0,,,,,,,,,,,,,,,,
457,0.0005312836728990078,-0.34619736671447754,0.00026693096151575446,0.0002643527404870838,0.0,0.0,0.0,0.0,0.0,0.0,0.0,0.0,0.0,,,,,,,,,,,,,,,,
458,0.000570090429391712,-0.33877137303352356,0.00028621635283343494,0.000283874076558277,0.0,0.0,0.0,0.0,0.0,0.0,0.0,0.0,0.0,,,,,,,,,,,,,,,,
459,0.0005287044914439321,-0.3374631404876709,0.0002683671482373029,0.0002603373141027987,0.0,0.0,0.0,0.0,0.0,0.0,0.0,0.0,0.0,,,,,,,,,,,,,,,,
460,0.0005361926159821451,-0.3429192304611206,0.00027479437994770706,0.000261398236034438,0.0,0.0,0.0,0.0,0.0,0.0,0.0,0.0,0.0,,,,,,,,,,,,,,,,
461,0.00046939507592469454,-0.347329705953598,0.00023724396305624396,0.0002321511274203658,0.0,0.0,0.0,0.0,0.0,0.0,0.0,0.0,0.0,,,,,,,,,,,,,,,,
462,0.0004892114666290581,-0.3455106019973755,0.0002511792117729783,0.0002380322403041646,0.0,0.0,0.0,0.0,0.0,0.0,0.0,0.0,0.0,,,,,,,,,,,,,,,,
463,0.0005156903062015772,-0.34194451570510864,0.00026513851480558515,0.0002505517622921616,0.0,0.0,0.0,0.0,0.0,0.0,0.0,0.0,0.0,,,,,,,,,,,,,,,,
464,0.0005119901616126299,-0.3424139618873596,0.00025646082940511405,0.0002555293613113463,0.0,0.0,0.0,0.0,0.0,0.0,0.0,0.0,0.0,,,,,,,,,,,,,,,,
465,0.0005578312557190657,-0.3453086316585541,0.0002841569948941469,0.0002736742317210883,0.0,0.0,0.0,0.0,0.0,0.0,0.0,0.0,0.0,,,,,,,,,,,,,,,,
466,0.0005268683889880776,-0.34978771209716797,0.00026375934248790145,0.0002631090465001762,0.0,0.0,0.0,0.0,0.0,0.0,0.0,0.0,0.0,,,,,,,,,,,,,,,,
467,0.0004903237568214536,-0.34970057010650635,0.0002467672456987202,0.0002435565402265638,0.0,0.0,0.0,0.0,0.0,0.0,0.0,0.0,0.0,,,,,,,,,,,,,,,,
468,0.000486998149426654,-0.3458828926086426,0.00024319767544511706,0.00024380047398153692,0.0,0.0,0.0,0.0,0.0,0.0,0.0,0.0,0.0,,,,,,,,,,,,,,,,
469,0.000503319432027638,-0.3435106575489044,0.00025146722327917814,0.00025185223785229027,0.0,0.0,0.0,0.0,0.0,0.0,0.0,0.0,0.0,,,,,,,,,,,,,,,,
470,0.0004810707760043442,-0.3471657335758209,0.00024139850575011224,0.00023967225570231676,0.0,0.0,0.0,0.0,0.0,0.0,0.0,0.0,0.0,,,,,,,,,,,,,,,,
471,0.0005076195811852813,-0.3510577082633972,0.00025643871049396694,0.0002511808415874839,0.0,0.0,0.0,0.0,0.0,0.0,0.0,0.0,0.0,,,,,,,,,,,,,,,,
472,0.0005593603709712625,-0.3507705330848694,0.0002803760289680213,0.0002789843128994107,0.0,0.0,0.0,0.0,0.0,0.0,0.0,0.0,0.0,,,,,,,,,,,,,,,,
473,0.0004911673022434115,-0.34869852662086487,0.000247602176386863,0.0002435650967527181,0.0,0.0,0.0,0.0,0.0,0.0,0.0,0.0,0.0,,,,,,,,,,,,,,,,
474,0.00045065314043313265,-0.3484863340854645,0.00022666716540697962,0.0002239859604742378,0.0,0.0,0.0,0.0,0.0,0.0,0.0,0.0,0.0,,,,,,,,,,,,,,,,
475,0.0004627915914170444,-0.35128873586654663,0.00022937073663342744,0.00023342085478361696,0.0,0.0,0.0,0.0,0.0,0.0,0.0,0.0,0.0,,,,,,,,,,,,,,,,
476,0.00047494942555204034,-0.35355713963508606,0.0002353454037802294,0.00023960402177181095,0.0,0.0,0.0,0.0,0.0,0.0,0.0,0.0,0.0,,,,,,,,,,,,,,,,
477,0.0005052867345511913,-0.35352855920791626,0.0002497954701539129,0.00025549126439727843,0.0,0.0,0.0,0.0,0.0,0.0,0.0,0.0,0.0,,,,,,,,,,,,,,,,
478,0.0004713537928182632,-0.34973156452178955,0.00023388996487483382,0.00023746382794342935,0.0,0.0,0.0,0.0,0.0,0.0,0.0,0.0,0.0,,,,,,,,,,,,,,,,
479,0.0005139519926160574,-0.3485124707221985,0.0002610169176477939,0.0002529350749682635,0.0,0.0,0.0,0.0,0.0,0.0,0.0,0.0,0.0,,,,,,,,,,,,,,,,
480,0.00048746122047305107,-0.3520542085170746,0.00024479188141413033,0.00024266933905892074,0.0,0.0,0.0,0.0,0.0,0.0,0.0,0.0,0.0,,,,,,,,,,,,,,,,
481,0.0005190738011151552,-0.35603684186935425,0.00026017887284979224,0.0002588948991615325,0.0,0.0,0.0,0.0,0.0,0.0,0.0,0.0,0.0,,,,,,,,,,,,,,,,
482,0.0004951193695887923,-0.3548232316970825,0.00024546775966882706,0.00024965160991996527,0.0,0.0,0.0,0.0,0.0,0.0,0.0,0.0,0.0,,,,,,,,,,,,,,,,
483,0.00046080671017989516,-0.35104045271873474,0.00023305522336158901,0.00022775148681830615,0.0,0.0,0.0,0.0,0.0,0.0,0.0,0.0,0.0,,,,,,,,,,,,,,,,
484,0.0004775304696522653,-0.35112178325653076,0.00023589792544953525,0.00024163254420273006,0.0,0.0,0.0,0.0,0.0,0.0,0.0,0.0,0.0,,,,,,,,,,,,,,,,
485,0.0005042729899287224,-0.3540438413619995,0.00024792816839180887,0.0002563448215369135,0.0,0.0,0.0,0.0,0.0,0.0,0.0,0.0,0.0,,,,,,,,,,,,,,,,
486,0.0004987648571841419,-0.35819196701049805,0.00025525991804897785,0.00024350493913516402,0.0,0.0,0.0,0.0,0.0,0.0,0.0,0.0,0.0,,,,,,,,,,,,,,,,
487,0.0005102280410937965,-0.35946983098983765,0.0002531724458094686,0.00025705559528432786,0.0,0.0,0.0,0.0,0.0,0.0,0.0,0.0,0.0,,,,,,,,,,,,,,,,
488,0.0005124813760630786,-0.35534361004829407,0.0002574539394117892,0.00025502743665128946,0.0,0.0,0.0,0.0,0.0,0.0,0.0,0.0,0.0,,,,,,,,,,,,,,,,
489,0.00048097810940817,-0.35548657178878784,0.0002450170577503741,0.0002359610516577959,0.0,0.0,0.0,0.0,0.0,0.0,0.0,0.0,0.0,,,,,,,,,,,,,,,,
490,0.00047174631617963314,-0.3599494397640228,0.00023972256167326123,0.0002320237399544567,0.0,0.0,0.0,0.0,0.0,0.0,0.0,0.0,0.0,,,,,,,,,,,,,,,,
491,0.0004853522405028343,-0.36242836713790894,0.00024296357878483832,0.000242388661717996,0.0,0.0,0.0,0.0,0.0,0.0,0.0,0.0,0.0,,,,,,,,,,,,,,,,
492,0.0004452766152098775,-0.3589048683643341,0.0002204154443461448,0.00022486118541564792,0.0,0.0,0.0,0.0,0.0,0.0,0.0,0.0,0.0,,,,,,,,,,,,,,,,
493,0.0004279349814169109,-0.3552575409412384,0.00021273807215038687,0.0002151968947146088,0.0,0.0,0.0,0.0,0.0,0.0,0.0,0.0,0.0,,,,,,,,,,,,,,,,
494,0.0004951435839757323,-0.35624149441719055,0.0002452672051731497,0.0002498763788025826,0.0,0.0,0.0,0.0,0.0,0.0,0.0,0.0,0.0,,,,,,,,,,,,,,,,
495,0.0004970306763425469,-0.36234474182128906,0.0002477581729181111,0.00024927250342443585,0.0,0.0,0.0,0.0,0.0,0.0,0.0,0.0,0.0,,,,,,,,,,,,,,,,
496,0.00043415348045527935,-0.364366739988327,0.0002144097234122455,0.0002197437424911186,0.0,0.0,0.0,0.0,0.0,0.0,0.0,0.0,0.0,,,,,,,,,,,,,,,,
497,0.00047943025128915906,-0.36232271790504456,0.0002390342124272138,0.0002403960534138605,0.0,0.0,0.0,0.0,0.0,0.0,0.0,0.0,0.0,,,,,,,,,,,,,,,,
498,0.0004367029177956283,-0.3564823269844055,0.00021960270532872528,0.00021710021246690303,0.0,0.0,0.0,0.0,0.0,0.0,0.0,0.0,0.0,,,,,,,,,,,,,,,,
499,0.0005208792281337082,-0.3611181676387787,0.00026136686210520566,0.0002595123660285026,0.0,0.0,0.0,0.0,0.0,0.0,0.0,0.0,0.0,,,,,,,,,,,,,,,,
500,0.0004641581908799708,-0.366452157497406,0.00023285651695914567,0.0002313016593689099,0.0,0.0,0.0,0.0,0.0,0.0,0.0,0.0,0.0,,,,,,,,,,,,,,,,
501,0.00048314849846065044,-0.36716505885124207,0.00023866792616900057,0.0002444805868435651,0.0,0.0,0.0,0.0,0.0,0.0,0.0,0.0,0.0,,,,,,,,,,,,,,,,
502,0.0005162209272384644,-0.36182355880737305,0.00026209757197648287,0.00025412332615815103,0.0,0.0,0.0,0.0,0.0,0.0,0.0,0.0,0.0,,,,,,,,,,,,,,,,
503,0.00047537244972772896,-0.35883739590644836,0.00023985758889466524,0.00023551486083306372,0.0,0.0,0.0,0.0,0.0,0.0,0.0,0.0,0.0,,,,,,,,,,,,,,,,
504,0.00048740924103185534,-0.36319535970687866,0.00024447604664601386,0.0002429331943858415,0.0,0.0,0.0,0.0,0.0,0.0,0.0,0.0,0.0,,,,,,,,,,,,,,,,
505,0.0004945077816955745,-0.3679702877998352,0.00024831859627738595,0.00024618918541818857,0.0,0.0,0.0,0.0,0.0,0.0,0.0,0.0,0.0,,,,,,,,,,,,,,,,
506,0.0005444779526442289,-0.3671927750110626,0.00027043934096582234,0.00027403864078223705,0.0,0.0,0.0,0.0,0.0,0.0,0.0,0.0,0.0,,,,,,,,,,,,,,,,
507,0.00045529595809057355,-0.36140742897987366,0.00022923863434698433,0.000226057309191674,0.0,0.0,0.0,0.0,0.0,0.0,0.0,0.0,0.0,,,,,,,,,,,,,,,,
508,0.00046019969158805907,-0.364041268825531,0.00023409481218550354,0.00022610487940255553,0.0,0.0,0.0,0.0,0.0,0.0,0.0,0.0,0.0,,,,,,,,,,,,,,,,
509,0.0004487166879698634,-0.3692203164100647,0.0002288272080477327,0.00021988949447404593,0.0,0.0,0.0,0.0,0.0,0.0,0.0,0.0,0.0,,,,,,,,,,,,,,,,
510,0.0004611207405105233,-0.3716684579849243,0.00023249187506735325,0.0002286288799950853,0.0,0.0,0.0,0.0,0.0,0.0,0.0,0.0,0.0,,,,,,,,,,,,,,,,
511,0.0004556964267976582,-0.36842232942581177,0.000227750584599562,0.00022794584219809622,0.0,0.0,0.0,0.0,0.0,0.0,0.0,0.0,0.0,,,,,,,,,,,,,,,,
512,0.0004571226891130209,-0.3652617335319519,0.0002296763559570536,0.00022744634770788252,0.0,0.0,0.0,0.0,0.0,0.0,0.0,0.0,0.0,,,,,,,,,,,,,,,,
513,0.00043120019836351275,-0.364623486995697,0.00021880249551031739,0.00021239768830128014,0.0,0.0,0.0,0.0,0.0,0.0,0.0,0.0,0.0,,,,,,,,,,,,,,,,
514,0.000460738199763,-0.3702091574668884,0.00023582996800541878,0.00022490824630949646,0.0,0.0,0.0,0.0,0.0,0.0,0.0,0.0,0.0,,,,,,,,,,,,,,,,
515,0.00044160266406834126,-0.372404545545578,0.00022523342340718955,0.0002163692406611517,0.0,0.0,0.0,0.0,0.0,0.0,0.0,0.0,0.0,,,,,,,,,,,,,,,,
516,0.0004590597818605602,-0.3696560859680176,0.00022615627676714212,0.0002329035196453333,0.0,0.0,0.0,0.0,0.0,0.0,0.0,0.0,0.0,,,,,,,,,,,,,,,,
517,0.0004689830238930881,-0.36950844526290894,0.0002381480298936367,0.00023083497944753617,0.0,0.0,0.0,0.0,0.0,0.0,0.0,0.0,0.0,,,,,,,,,,,,,,,,
518,0.0004342587781138718,-0.37407466769218445,0.00021238137560430914,0.00022187740250956267,0.0,0.0,0.0,0.0,0.0,0.0,0.0,0.0,0.0,,,,,,,,,,,,,,,,
519,0.0004880434717051685,-0.37383031845092773,0.00024690161808393896,0.0002411418390693143,0.0,0.0,0.0,0.0,0.0,0.0,0.0,0.0,0.0,,,,,,,,,,,,,,,,
520,0.0004490814753808081,-0.37076231837272644,0.00022162823006510735,0.00022745323076378554,0.0,0.0,0.0,0.0,0.0,0.0,0.0,0.0,0.0,,,,,,,,,,,,,,,,
521,0.0004620042454916984,-0.36770474910736084,0.0002310465497430414,0.000230957695748657,0.0,0.0,0.0,0.0,0.0,0.0,0.0,0.0,0.0,,,,,,,,,,,,,,,,
522,0.0004511131264735013,-0.3697899281978607,0.00022371439263224602,0.0002273987338412553,0.0,0.0,0.0,0.0,0.0,0.0,0.0,0.0,0.0,,,,,,,,,,,,,,,,
523,0.00046112568816170096,-0.3743892014026642,0.00023438925563823432,0.00022673643252346665,0.0,0.0,0.0,0.0,0.0,0.0,0.0,0.0,0.0,,,,,,,,,,,,,,,,
524,0.0004744587931782007,-0.37559500336647034,0.0002366375847486779,0.00023782122298143804,0.0,0.0,0.0,0.0,0.0,0.0,0.0,0.0,0.0,,,,,,,,,,,,,,,,
525,0.00044672383228316903,-0.3736785352230072,0.0002229735255241394,0.00022375032131094486,0.0,0.0,0.0,0.0,0.0,0.0,0.0,0.0,0.0,,,,,,,,,,,,,,,,
526,0.0004595503560267389,-0.37316012382507324,0.00022676601656712592,0.00023278432490769774,0.0,0.0,0.0,0.0,0.0,0.0,0.0,0.0,0.0,,,,,,,,,,,,,,,,
527,0.0004616398364305496,-0.3746497333049774,0.0002362902305321768,0.0002253495913464576,0.0,0.0,0.0,0.0,0.0,0.0,0.0,0.0,0.0,,,,,,,,,,,,,,,,
528,0.00042512069921940565,-0.37586915493011475,0.00021253277373034507,0.00021258791093714535,0.0,0.0,0.0,0.0,0.0,0.0,0.0,0.0,0.0,,,,,,,,,,,,,,,,
529,0.00043160110362805426,-0.37529006600379944,0.00021768324950244278,0.00021391785412561148,0.0,0.0,0.0,0.0,0.0,0.0,0.0,0.0,0.0,,,,,,,,,,,,,,,,
530,0.000527149299159646,-0.3725215494632721,0.0002678187738638371,0.00025933049619197845,0.0,0.0,0.0,0.0,0.0,0.0,0.0,0.0,0.0,,,,,,,,,,,,,,,,
531,0.0004292821395210922,-0.37314823269844055,0.00021509133512154222,0.0002141908189514652,0.0,0.0,0.0,0.0,0.0,0.0,0.0,0.0,0.0,,,,,,,,,,,,,,,,
532,0.00043687777360901237,-0.3797571361064911,0.0002239642635686323,0.0002129135245922953,0.0,0.0,0.0,0.0,0.0,0.0,0.0,0.0,0.0,,,,,,,,,,,,,,,,
533,0.0004273729573469609,-0.3837862014770508,0.0002112825750373304,0.0002160903823096305,0.0,0.0,0.0,0.0,0.0,0.0,0.0,0.0,0.0,,,,,,,,,,,,,,,,
534,0.0005044619319960475,-0.378568172454834,0.00025026517687365413,0.0002541967260185629,0.0,0.0,0.0,0.0,0.0,0.0,0.0,0.0,0.0,,,,,,,,,,,,,,,,
535,0.00042514942470006645,-0.3734489679336548,0.00021127321815583855,0.0002138762065442279,0.0,0.0,0.0,0.0,0.0,0.0,0.0,0.0,0.0,,,,,,,,,,,,,,,,
536,0.0004954900359734893,-0.37604841589927673,0.0002422872930765152,0.0002532027428969741,0.0,0.0,0.0,0.0,0.0,0.0,0.0,0.0,0.0,,,,,,,,,,,,,,,,
537,0.0004210273327771574,-0.38239648938179016,0.0002141942677553743,0.0002068330650217831,0.0,0.0,0.0,0.0,0.0,0.0,0.0,0.0,0.0,,,,,,,,,,,,,,,,
538,0.00045649369712918997,-0.38182687759399414,0.0002322971122339368,0.00022419657034333795,0.0,0.0,0.0,0.0,0.0,0.0,0.0,0.0,0.0,,,,,,,,,,,,,,,,
539,0.000457146146800369,-0.376510351896286,0.00023062792024575174,0.00022651821200270206,0.0,0.0,0.0,0.0,0.0,0.0,0.0,0.0,0.0,,,,,,,,,,,,,,,,
540,0.0004343194596003741,-0.3785327672958374,0.00021427153842523694,0.00022004792117513716,0.0,0.0,0.0,0.0,0.0,0.0,0.0,0.0,0.0,,,,,,,,,,,,,,,,
541,0.00045138102723285556,-0.38332465291023254,0.00022647250443696976,0.00022490850824397057,0.0,0.0,0.0,0.0,0.0,0.0,0.0,0.0,0.0,,,,,,,,,,,,,,,,
542,0.000430537125794217,-0.3852272927761078,0.00022227187582757324,0.00020826524996664375,0.0,0.0,0.0,0.0,0.0,0.0,0.0,0.0,0.0,,,,,,,,,,,,,,,,
543,0.00043099350295960903,-0.3828817903995514,0.00021569155796896666,0.0002153019595425576,0.0,0.0,0.0,0.0,0.0,0.0,0.0,0.0,0.0,,,,,,,,,,,,,,,,
544,0.0004418756579980254,-0.38047730922698975,0.00022057037858758122,0.00022130529396235943,0.0,0.0,0.0,0.0,0.0,0.0,0.0,0.0,0.0,,,,,,,,,,,,,,,,
545,0.0004285669419914484,-0.3796072006225586,0.00021374849893618375,0.00021481844305526465,0.0,0.0,0.0,0.0,0.0,0.0,0.0,0.0,0.0,,,,,,,,,,,,,,,,
546,0.0004041226638946682,-0.383625864982605,0.0002056139928754419,0.0001985086710192263,0.0,0.0,0.0,0.0,0.0,0.0,0.0,0.0,0.0,,,,,,,,,,,,,,,,
547,0.0003894947294611484,-0.38617557287216187,0.00019584452093113214,0.00019365020853001624,0.0,0.0,0.0,0.0,0.0,0.0,0.0,0.0,0.0,,,,,,,,,,,,,,,,
548,0.0004108564171474427,-0.38513436913490295,0.00020770695118699223,0.00020314946596045047,0.0,0.0,0.0,0.0,0.0,0.0,0.0,0.0,0.0,,,,,,,,,,,,,,,,
549,0.0004431774141266942,-0.3840275704860687,0.00021821510745212436,0.00022496230667456985,0.0,0.0,0.0,0.0,0.0,0.0,0.0,0.0,0.0,,,,,,,,,,,,,,,,
550,0.0005341466749086976,-0.38615649938583374,0.00026535565848462284,0.0002687909873202443,0.0,0.0,0.0,0.0,0.0,0.0,0.0,0.0,0.0,,,,,,,,,,,,,,,,
551,0.00043909146916121244,-0.38717082142829895,0.0002199409791501239,0.00021915047545917332,0.0,0.0,0.0,0.0,0.0,0.0,0.0,0.0,0.0,,,,,,,,,,,,,,,,
552,0.0003996076120529324,-0.3878876268863678,0.0002005112182814628,0.0001990963937714696,0.0,0.0,0.0,0.0,0.0,0.0,0.0,0.0,0.0,,,,,,,,,,,,,,,,
553,0.0004510821308940649,-0.38329437375068665,0.00022467975213658065,0.00022640237875748426,0.0,0.0,0.0,0.0,0.0,0.0,0.0,0.0,0.0,,,,,,,,,,,,,,,,
554,0.0004107789136469364,-0.38484740257263184,0.00020490372844506055,0.00020587517064996064,0.0,0.0,0.0,0.0,0.0,0.0,0.0,0.0,0.0,,,,,,,,,,,,,,,,
555,0.00042528269113972783,-0.38711926341056824,0.00021707627456635237,0.0002082064311252907,0.0,0.0,0.0,0.0,0.0,0.0,0.0,0.0,0.0,,,,,,,,,,,,,,,,
556,0.0003922708856407553,-0.3897298276424408,0.00019401356985326856,0.00019825731578748673,0.0,0.0,0.0,0.0,0.0,0.0,0.0,0.0,0.0,,,,,,,,,,,,,,,,
557,0.00042677129385992885,-0.3898739814758301,0.00021380286489147693,0.00021296844352036715,0.0,0.0,0.0,0.0,0.0,0.0,0.0,0.0,0.0,,,,,,,,,,,,,,,,
558,0.0004273391095921397,-0.38834938406944275,0.00021424319129437208,0.00021309591829776764,0.0,0.0,0.0,0.0,0.0,0.0,0.0,0.0,0.0,,,,,,,,,,,,,,,,
559,0.00042272021528333426,-0.38914796710014343,0.00021577434381470084,0.0002069458714686334,0.0,0.0,0.0,0.0,0.0,0.0,0.0,0.0,0.0,,,,,,,,,,,,,,,,
560,0.0004060793435201049,-0.3898155093193054,0.00020271747780498117,0.00020336188026703894,0.0,0.0,0.0,0.0,0.0,0.0,0.0,0.0,0.0,,,,,,,,,,,,,,,,
561,0.00042071842472068965,-0.38989317417144775,0.00020996390958316624,0.0002107545151375234,0.0,0.0,0.0,0.0,0.0,0.0,0.0,0.0,0.0,,,,,,,,,,,,,,,,
562,0.0003996784216724336,-0.38945135474205017,0.00020079479145351797,0.00019888363021891564,0.0,0.0,0.0,0.0,0.0,0.0,0.0,0.0,0.0,,,,,,,,,,,,,,,,
563,0.0004474371671676636,-0.3929387032985687,0.00022747291950508952,0.00021996423311065882,0.0,0.0,0.0,0.0,0.0,0.0,0.0,0.0,0.0,,,,,,,,,,,,,,,,
564,0.0004081300867255777,-0.39400920271873474,0.00020478409714996815,0.00020334598957560956,0.0,0.0,0.0,0.0,0.0,0.0,0.0,0.0,0.0,,,,,,,,,,,,,,,,
565,0.00043656217167153955,-0.3926158845424652,0.00022195155906956643,0.0002146105980500579,0.0,0.0,0.0,0.0,0.0,0.0,0.0,0.0,0.0,,,,,,,,,,,,,,,,
566,0.0004025445377919823,-0.3911152184009552,0.0002046164736384526,0.0001979280641535297,0.0,0.0,0.0,0.0,0.0,0.0,0.0,0.0,0.0,,,,,,,,,,,,,,,,
567,0.00042642981861718,-0.39331376552581787,0.00021750747691839933,0.00020892234169878066,0.0,0.0,0.0,0.0,0.0,0.0,0.0,0.0,0.0,,,,,,,,,,,,,,,,
568,0.0003972490958403796,-0.3927468955516815,0.00020069361198693514,0.00019655548385344446,0.0,0.0,0.0,0.0,0.0,0.0,0.0,0.0,0.0,,,,,,,,,,,,,,,,
569,0.0003802190185524523,-0.3924999535083771,0.00019190317834727466,0.00018831584020517766,0.0,0.0,0.0,0.0,0.0,0.0,0.0,0.0,0.0,,,,,,,,,,,,,,,,
570,0.0003955030406359583,-0.3931824266910553,0.00019786664051935077,0.00019763640011660755,0.0,0.0,0.0,0.0,0.0,0.0,0.0,0.0,0.0,,,,,,,,,,,,,,,,
571,0.0003613386070355773,-0.3951760232448578,0.00018231342255603522,0.00017902518447954208,0.0,0.0,0.0,0.0,0.0,0.0,0.0,0.0,0.0,,,,,,,,,,,,,,,,
572,0.0003712500329129398,-0.3958646059036255,0.0001869237021310255,0.0001843263307819143,0.0,0.0,0.0,0.0,0.0,0.0,0.0,0.0,0.0,,,,,,,,,,,,,,,,
573,0.0003848836640827358,-0.3978869915008545,0.00019346806220710278,0.00019141561642754823,0.0,0.0,0.0,0.0,0.0,0.0,0.0,0.0,0.0,,,,,,,,,,,,,,,,
574,0.00038669659988954663,-0.39824408292770386,0.0001951678132172674,0.00019152878667227924,0.0,0.0,0.0,0.0,0.0,0.0,0.0,0.0,0.0,,,,,,,,,,,,,,,,
575,0.0004063058877363801,-0.39622482657432556,0.00020172288350295275,0.00020458298968151212,0.0,0.0,0.0,0.0,0.0,0.0,0.0,0.0,0.0,,,,,,,,,,,,,,,,
576,0.00042896135710179806,-0.39512914419174194,0.0002101605205098167,0.00021880083659198135,0.0,0.0,0.0,0.0,0.0,0.0,0.0,0.0,0.0,,,,,,,,,,,,,,,,
577,0.0004064678796567023,-0.39652639627456665,0.00020789814880117774,0.00019856973085552454,0.0,0.0,0.0,0.0,0.0,0.0,0.0,0.0,0.0,,,,,,,,,,,,,,,,
578,0.00041600759141147137,-0.3978404700756073,0.00020880848751403391,0.00020719908934552222,0.0,0.0,0.0,0.0,0.0,0.0,0.0,0.0,0.0,,,,,,,,,,,,,,,,
579,0.000472512241685763,-0.39843815565109253,0.00023545102158095688,0.00023706122010480613,0.0,0.0,0.0,0.0,0.0,0.0,0.0,0.0,0.0,,,,,,,,,,,,,,,,
580,0.00039824016857892275,-0.3980307877063751,0.00020312052220106125,0.00019511963182594627,0.0,0.0,0.0,0.0,0.0,0.0,0.0,0.0,0.0,,,,,,,,,,,,,,,,
581,0.000406383303925395,-0.39959314465522766,0.0002057649107882753,0.00020061837858520448,0.0,0.0,0.0,0.0,0.0,0.0,0.0,0.0,0.0,,,,,,,,,,,,,,,,
582,0.00039472931530326605,-0.39917609095573425,0.00019843496556859463,0.00019629433518275619,0.0,0.0,0.0,0.0,0.0,0.0,0.0,0.0,0.0,,,,,,,,,,,,,,,,
583,0.00039632554398849607,-0.39999696612358093,0.00019901679479517043,0.00019730876374524087,0.0,0.0,0.0,0.0,0.0,0.0,0.0,0.0,0.0,,,,,,,,,,,,,,,,
584,0.00042483664583414793,-0.4018683433532715,0.00021143315825611353,0.00021340347302611917,0.0,0.0,0.0,0.0,0.0,0.0,0.0,0.0,0.0,,,,,,,,,,,,,,,,
585,0.000378294731490314,-0.4014914333820343,0.00018982315668836236,0.00018847156025003642,0.0,0.0,0.0,0.0,0.0,0.0,0.0,0.0,0.0,,,,,,,,,,,,,,,,
586,0.0003685596748255193,-0.4001985490322113,0.00018537664436735213,0.0001831830304581672,0.0,0.0,0.0,0.0,0.0,0.0,0.0,0.0,0.0,,,,,,,,,,,,,,,,
587,0.00042952937656082213,-0.3997052013874054,0.00021157982700970024,0.0002179495495511219,0.0,0.0,0.0,0.0,0.0,0.0,0.0,0.0,0.0,,,,,,,,,,,,,,,,
588,0.0003996698942501098,-0.4028604030609131,0.00020399577624630183,0.00019567411800380796,0.0,0.0,0.0,0.0,0.0,0.0,0.0,0.0,0.0,,,,,,,,,,,,,,,,
589,0.00041264898027293384,-0.40467458963394165,0.00021026709873694927,0.00020238188153598458,0.0,0.0,0.0,0.0,0.0,0.0,0.0,0.0,0.0,,,,,,,,,,,,,,,,
590,0.00039821729296818376,-0.40160512924194336,0.00019962714577559382,0.00019859014719258994,0.0,0.0,0.0,0.0,0.0,0.0,0.0,0.0,0.0,,,,,,,,,,,,,,,,
591,0.00041627901373431087,-0.40143221616744995,0.0002120445715263486,0.0002042344567598775,0.0,0.0,0.0,0.0,0.0,0.0,0.0,0.0,0.0,,,,,,,,,,,,,,,,
592,0.000413005705922842,-0.4044637382030487,0.00020671008678618819,0.0002062956045847386,0.0,0.0,0.0,0.0,0.0,0.0,0.0,0.0,0.0,,,,,,,,,,,,,,,,
593,0.00039112434023991227,-0.40682557225227356,0.00020023052638862282,0.00019089382840320468,0.0,0.0,0.0,0.0,0.0,0.0,0.0,0.0,0.0,,,,,,,,,,,,,,,,
594,0.0004022061184514314,-0.4036601185798645,0.0002024991117650643,0.0001997070066863671,0.0,0.0,0.0,0.0,0.0,0.0,0.0,0.0,0.0,,,,,,,,,,,,,,,,
595,0.00039234868017956614,-0.40279948711395264,0.00019820781017187983,0.0001941408554557711,0.0,0.0,0.0,0.0,0.0,0.0,0.0,0.0,0.0,,,,,,,,,,,,,,,,
596,0.00037386518670246005,-0.4046851396560669,0.00019038609752897173,0.00018347910372540355,0.0,0.0,0.0,0.0,0.0,0.0,0.0,0.0,0.0,,,,,,,,,,,,,,,,
597,0.00039636919973418117,-0.406215637922287,0.00019605776469688863,0.0002003114204853773,0.0,0.0,0.0,0.0,0.0,0.0,0.0,0.0,0.0,,,,,,,,,,,,,,,,
598,0.00037634046748280525,-0.4054853320121765,0.0001862574863480404,0.00019008298113476485,0.0,0.0,0.0,0.0,0.0,0.0,0.0,0.0,0.0,,,,,,,,,,,,,,,,
599,0.0004057364130858332,-0.40419888496398926,0.00020234964904375374,0.00020338676404207945,0.0,0.0,0.0,0.0,0.0,0.0,0.0,0.0,0.0,,,,,,,,,,,,,,,,
600,0.0003832047514151782,-0.40710797905921936,0.0001902707590488717,0.00019293399236630648,0.0,0.0,0.0,0.0,0.0,0.0,0.0,0.0,0.0,,,,,,,,,,,,,,,,
601,0.0004177279188297689,-0.41060671210289,0.00021073447715025395,0.00020699345623143017,0.0,0.0,0.0,0.0,0.0,0.0,0.0,0.0,0.0,,,,,,,,,,,,,,,,
602,0.00040909479139372706,-0.41074803471565247,0.0002049141621682793,0.00020418061467353255,0.0,0.0,0.0,0.0,0.0,0.0,0.0,0.0,0.0,,,,,,,,,,,,,,,,
603,0.00039032797212712467,-0.40609270334243774,0.00019407634681556374,0.00019625162531156093,0.0,0.0,0.0,0.0,0.0,0.0,0.0,0.0,0.0,,,,,,,,,,,,,,,,
604,0.0003738149825949222,-0.4077909588813782,0.0001892624277388677,0.00018455255485605448,0.0,0.0,0.0,0.0,0.0,0.0,0.0,0.0,0.0,,,,,,,,,,,,,,,,
605,0.00039158540312200785,-0.40895283222198486,0.00019781209994107485,0.00019377328862901777,0.0,0.0,0.0,0.0,0.0,0.0,0.0,0.0,0.0,,,,,,,,,,,,,,,,
606,0.00038533867336809635,-0.41138577461242676,0.00019475909357424825,0.0001905795797938481,0.0,0.0,0.0,0.0,0.0,0.0,0.0,0.0,0.0,,,,,,,,,,,,,,,,
607,0.00038428488187491894,-0.4108475148677826,0.0001936203771037981,0.00019066451932303607,0.0,0.0,0.0,0.0,0.0,0.0,0.0,0.0,0.0,,,,,,,,,,,,,,,,
608,0.000382550701033324,-0.4085279703140259,0.00019139968208037317,0.00019115101895295084,0.0,0.0,0.0,0.0,0.0,0.0,0.0,0.0,0.0,,,,,,,,,,,,,,,,
609,0.00038347975350916386,-0.4120093286037445,0.00019095645984634757,0.00019252330821473151,0.0,0.0,0.0,0.0,0.0,0.0,0.0,0.0,0.0,,,,,,,,,,,,,,,,
610,0.0003991375560872257,-0.4153439700603485,0.00020423284149728715,0.0001949047000380233,0.0,0.0,0.0,0.0,0.0,0.0,0.0,0.0,0.0,,,,,,,,,,,,,,,,
611,0.00042719917837530375,-0.41237109899520874,0.0002114345843438059,0.00021576459403149784,0.0,0.0,0.0,0.0,0.0,0.0,0.0,0.0,0.0,,,,,,,,,,,,,,,,
612,0.00039904017467051744,-0.4106931984424591,0.0002046583394985646,0.00019438182062003762,0.0,0.0,0.0,0.0,0.0,0.0,0.0,0.0,0.0,,,,,,,,,,,,,,,,
613,0.00037167323171161115,-0.40877586603164673,0.00018516961426939815,0.000186503617442213,0.0,0.0,0.0,0.0,0.0,0.0,0.0,0.0,0.0,,,,,,,,,,,,,,,,
614,0.0003765909350477159,-0.413225382566452,0.00018623920914251357,0.00019035172590520233,0.0,0.0,0.0,0.0,0.0,0.0,0.0,0.0,0.0,,,,,,,,,,,,,,,,
615,0.00044041627552360296,-0.4123604893684387,0.00022007078223396093,0.00022034549328964204,0.0,0.0,0.0,0.0,0.0,0.0,0.0,0.0,0.0,,,,,,,,,,,,,,,,
616,0.0003617937909439206,-0.4125729203224182,0.00018296077905688435,0.00017883299733512104,0.0,0.0,0.0,0.0,0.0,0.0,0.0,0.0,0.0,,,,,,,,,,,,,,,,
617,0.000365123909432441,-0.41648659110069275,0.0001825637446017936,0.0001825601648306474,0.0,0.0,0.0,0.0,0.0,0.0,0.0,0.0,0.0,,,,,,,,,,,,,,,,
618,0.0003426913172006607,-0.41691818833351135,0.0001718674902804196,0.00017082382692024112,0.0,0.0,0.0,0.0,0.0,0.0,0.0,0.0,0.0,,,,,,,,,,,,,,,,
619,0.0004305315960664302,-0.416348397731781,0.000217723791138269,0.0002128078049281612,0.0,0.0,0.0,0.0,0.0,0.0,0.0,0.0,0.0,,,,,,,,,,,,,,,,
620,0.0003577572060748935,-0.4149348735809326,0.00018149925745092332,0.00017625796317588538,0.0,0.0,0.0,0.0,0.0,0.0,0.0,0.0,0.0,,,,,,,,,,,,,,,,
621,0.0003925788914784789,-0.4155176281929016,0.00020112191850785166,0.00019145697297062725,0.0,0.0,0.0,0.0,0.0,0.0,0.0,0.0,0.0,,,,,,,,,,,,,,,,
622,0.0003787884779740125,-0.415912389755249,0.00018934518448077142,0.00018944329349324107,0.0,0.0,0.0,0.0,0.0,0.0,0.0,0.0,0.0,,,,,,,,,,,,,,,,
623,0.0003890898951794952,-0.41616517305374146,0.00019402403268031776,0.00019506586249917746,0.0,0.0,0.0,0.0,0.0,0.0,0.0,0.0,0.0,,,,,,,,,,,,,,,,
624,0.00034941761987283826,-0.41770321130752563,0.00017547456081956625,0.000173943059053272,0.0,0.0,0.0,0.0,0.0,0.0,0.0,0.0,0.0,,,,,,,,,,,,,,,,
625,0.0003620680363383144,-0.41813382506370544,0.00018273634486831725,0.00017933169146999717,0.0,0.0,0.0,0.0,0.0,0.0,0.0,0.0,0.0,,,,,,,,,,,,,,,,
626,0.00035970265162177384,-0.41908198595046997,0.00017501183901913464,0.0001846908126026392,0.0,0.0,0.0,0.0,0.0,0.0,0.0,0.0,0.0,,,,,,,,,,,,,,,,
627,0.000383878534194082,-0.4209773540496826,0.0001916396722663194,0.00019223886192776263,0.0,0.0,0.0,0.0,0.0,0.0,0.0,0.0,0.0,,,,,,,,,,,,,,,,
628,0.00036144378827884793,-0.41856324672698975,0.00018252905283588916,0.000178914749994874,0.0,0.0,0.0,0.0,0.0,0.0,0.0,0.0,0.0,,,,,,,,,,,,,,,,
629,0.00038516969652846456,-0.4137859046459198,0.00019578939827624708,0.0001893803128041327,0.0,0.0,0.0,0.0,0.0,0.0,0.0,0.0,0.0,,,,,,,,,,,,,,,,
630,0.0003715537895914167,-0.4180353283882141,0.00018365865980740637,0.00018789512978401035,0.0,0.0,0.0,0.0,0.0,0.0,0.0,0.0,0.0,,,,,,,,,,,,,,,,
631,0.0003518567536957562,-0.42323729395866394,0.00018054095562547445,0.00017131578351836652,0.0,0.0,0.0,0.0,0.0,0.0,0.0,0.0,0.0,,,,,,,,,,,,,,,,
632,0.00037059991154819727,-0.42252105474472046,0.0001851442939369008,0.0001854556321632117,0.0,0.0,0.0,0.0,0.0,0.0,0.0,0.0,0.0,,,,,,,,,,,,,,,,
633,0.0003888392820954323,-0.4197233319282532,0.00019476038869470358,0.00019407890795264393,0.0,0.0,0.0,0.0,0.0,0.0,0.0,0.0,0.0,,,,,,,,,,,,,,,,
634,0.0004242172581143677,-0.4190594553947449,0.00021472333173733205,0.00020949391182512045,0.0,0.0,0.0,0.0,0.0,0.0,0.0,0.0,0.0,,,,,,,,,,,,,,,,
635,0.000380043318727985,-0.4226205348968506,0.00019228638848289847,0.00018775693024508655,0.0,0.0,0.0,0.0,0.0,0.0,0.0,0.0,0.0,,,,,,,,,,,,,,,,
636,0.00035148829920217395,-0.4220006465911865,0.00017876969650387764,0.00017271861725021154,0.0,0.0,0.0,0.0,0.0,0.0,0.0,0.0,0.0,,,,,,,,,,,,,,,,
637,0.0004115714109502733,-0.4206792712211609,0.0002064546715700999,0.0002051167539320886,0.0,0.0,0.0,0.0,0.0,0.0,0.0,0.0,0.0,,,,,,,,,,,,,,,,
638,0.0003954858402721584,-0.4212254285812378,0.00019839133892674,0.00019709451589733362,0.0,0.0,0.0,0.0,0.0,0.0,0.0,0.0,0.0,,,,,,,,,,,,,,,,
639,0.0003495906130410731,-0.4229044020175934,0.00017745085642673075,0.00017213975661434233,0.0,0.0,0.0,0.0,0.0,0.0,0.0,0.0,0.0,,,,,,,,,,,,,,,,
640,0.0004214479122310877,-0.4235728979110718,0.00021290345466695726,0.0002085444430122152,0.0,0.0,0.0,0.0,0.0,0.0,0.0,0.0,0.0,,,,,,,,,,,,,,,,
641,0.0003752593765966594,-0.42418256402015686,0.00019235983199905604,0.00018289954459760338,0.0,0.0,0.0,0.0,0.0,0.0,0.0,0.0,0.0,,,,,,,,,,,,,,,,
642,0.00036134812398813665,-0.42541390657424927,0.00018391356570646167,0.00017743455828167498,0.0,0.0,0.0,0.0,0.0,0.0,0.0,0.0,0.0,,,,,,,,,,,,,,,,
643,0.000406525592552498,-0.4249017834663391,0.00020517171651590616,0.00020135387603659183,0.0,0.0,0.0,0.0,0.0,0.0,0.0,0.0,0.0,,,,,,,,,,,,,,,,
644,0.0003711956087499857,-0.42330530285835266,0.00018756132340058684,0.00018363428534939885,0.0,0.0,0.0,0.0,0.0,0.0,0.0,0.0,0.0,,,,,,,,,,,,,,,,
645,0.00034756658715195954,-0.42505738139152527,0.00017647829372435808,0.00017108829342760146,0.0,0.0,0.0,0.0,0.0,0.0,0.0,0.0,0.0,,,,,,,,,,,,,,,,
646,0.0003791166818700731,-0.4254206418991089,0.00019451833213679492,0.00018459836428519338,0.0,0.0,0.0,0.0,0.0,0.0,0.0,0.0,0.0,,,,,,,,,,,,,,,,
647,0.000344783125910908,-0.4251462519168854,0.00017390736320521683,0.0001708757772576064,0.0,0.0,0.0,0.0,0.0,0.0,0.0,0.0,0.0,,,,,,,,,,,,,,,,
648,0.00036749092396348715,-0.4272226393222809,0.00018183200154453516,0.00018565893697086722,0.0,0.0,0.0,0.0,0.0,0.0,0.0,0.0,0.0,,,,,,,,,,,,,,,,
649,0.0003493450931273401,-0.42806267738342285,0.0001782490435289219,0.0001710960641503334,0.0,0.0,0.0,0.0,0.0,0.0,0.0,0.0,0.0,,,,,,,,,,,,,,,,
650,0.0003494939301162958,-0.4276154339313507,0.00017036471399478614,0.00017912921612150967,0.0,0.0,0.0,0.0,0.0,0.0,0.0,0.0,0.0,,,,,,,,,,,,,,,,
651,0.0003459902945905924,-0.4262218773365021,0.00017534611106384546,0.00017064419807866216,0.0,0.0,0.0,0.0,0.0,0.0,0.0,0.0,0.0,,,,,,,,,,,,,,,,
652,0.0004073182353749871,-0.42701300978660583,0.0002053021889878437,0.00020201604638714343,0.0,0.0,0.0,0.0,0.0,0.0,0.0,0.0,0.0,,,,,,,,,,,,,,,,
653,0.00041967921424657106,-0.4299524128437042,0.0002128591004293412,0.00020682011381722987,0.0,0.0,0.0,0.0,0.0,0.0,0.0,0.0,0.0,,,,,,,,,,,,,,,,
654,0.00035131798358634114,-0.4289974868297577,0.00017568477778695524,0.0001756332057993859,0.0,0.0,0.0,0.0,0.0,0.0,0.0,0.0,0.0,,,,,,,,,,,,,,,,
655,0.0003229324356652796,-0.4265636205673218,0.00015656056348234415,0.00016637187218293548,0.0,0.0,0.0,0.0,0.0,0.0,0.0,0.0,0.0,,,,,,,,,,,,,,,,
656,0.0003391270583961159,-0.4285348951816559,0.00017030727758537978,0.00016881978081073612,0.0,0.0,0.0,0.0,0.0,0.0,0.0,0.0,0.0,,,,,,,,,,,,,,,,
657,0.00037040666211396456,-0.43231678009033203,0.00018800771795213223,0.0001823989296099171,0.0,0.0,0.0,0.0,0.0,0.0,0.0,0.0,0.0,,,,,,,,,,,,,,,,
658,0.00034685240825638175,-0.4314195215702057,0.00017493411723989993,0.00017191829101648182,0.0,0.0,0.0,0.0,0.0,0.0,0.0,0.0,0.0,,,,,,,,,,,,,,,,
659,0.000368291512131691,-0.42932578921318054,0.00018736478523351252,0.0001809267414500937,0.0,0.0,0.0,0.0,0.0,0.0,0.0,0.0,0.0,,,,,,,,,,,,,,,,
660,0.00035200139973312616,-0.43146029114723206,0.00017654855037108064,0.0001754528348101303,0.0,0.0,0.0,0.0,0.0,0.0,0.0,0.0,0.0,,,,,,,,,,,,,,,,
661,0.0003451285883784294,-0.4331977367401123,0.00017412344459444284,0.0001710051583359018,0.0,0.0,0.0,0.0,0.0,0.0,0.0,0.0,0.0,,,,,,,,,,,,,,,,
662,0.00033262642682529986,-0.43520069122314453,0.0001682132569840178,0.00016441316984128207,0.0,0.0,0.0,0.0,0.0,0.0,0.0,0.0,0.0,,,,,,,,,,,,,,,,
663,0.000380112964194268,-0.43124619126319885,0.000187374054803513,0.00019273889483883977,0.0,0.0,0.0,0.0,0.0,0.0,0.0,0.0,0.0,,,,,,,,,,,,,,,,
664,0.00039723815280012786,-0.4314236640930176,0.000201626360649243,0.00019561179215088487,0.0,0.0,0.0,0.0,0.0,0.0,0.0,0.0,0.0,,,,,,,,,,,,,,,,
665,0.00040719759999774396,-0.43472322821617126,0.00020078060333617032,0.00020641699666157365,0.0,0.0,0.0,0.0,0.0,0.0,0.0,0.0,0.0,,,,,,,,,,,,,,,,
666,0.00034554029116407037,-0.43729984760284424,0.00017605519678909332,0.00016948507982306182,0.0,0.0,0.0,0.0,0.0,0.0,0.0,0.0,0.0,,,,,,,,,,,,,,,,
667,0.00038500752998515964,-0.43445658683776855,0.00019406065985094756,0.0001909468846861273,0.0,0.0,0.0,0.0,0.0,0.0,0.0,0.0,0.0,,,,,,,,,,,,,,,,
668,0.00034020296880044043,-0.43164947628974915,0.00017132888024207205,0.00016887408855836838,0.0,0.0,0.0,0.0,0.0,0.0,0.0,0.0,0.0,,,,,,,,,,,,,,,,
669,0.0003771661431528628,-0.4319126307964325,0.00019070492999162525,0.00018646121316123754,0.0,0.0,0.0,0.0,0.0,0.0,0.0,0.0,0.0,,,,,,,,,,,,,,,,
670,0.0003484125481918454,-0.4371865391731262,0.00017682582256384194,0.00017158672562800348,0.0,0.0,0.0,0.0,0.0,0.0,0.0,0.0,0.0,,,,,,,,,,,,,,,,
671,0.0003283798578195274,-0.43673282861709595,0.00016571131709497422,0.00016266852617263794,0.0,0.0,0.0,0.0,0.0,0.0,0.0,0.0,0.0,,,,,,,,,,,,,,,,
672,0.00035641848808154464,-0.43697717785835266,0.0001783860061550513,0.00017803249647840858,0.0,0.0,0.0,0.0,0.0,0.0,0.0,0.0,0.0,,,,,,,,,,,,,,,,
673,0.00034366792533546686,-0.43655461072921753,0.00017212246893905103,0.0001715454418445006,0.0,0.0,0.0,0.0,0.0,0.0,0.0,0.0,0.0,,,,,,,,,,,,,,,,
674,0.00036730041028931737,-0.4380623996257782,0.00018269731663167477,0.00018460310820955783,0.0,0.0,0.0,0.0,0.0,0.0,0.0,0.0,0.0,,,,,,,,,,,,,,,,
675,0.00033977499697357416,-0.4371987283229828,0.0001731176016619429,0.00016665739531163126,0.0,0.0,0.0,0.0,0.0,0.0,0.0,0.0,0.0,,,,,,,,,,,,,,,,
676,0.0003601461066864431,-0.43760544061660767,0.0001805352367227897,0.00017961085541173816,0.0,0.0,0.0,0.0,0.0,0.0,0.0,0.0,0.0,,,,,,,,,,,,,,,,
677,0.000332336057908833,-0.4376235008239746,0.00017016768106259406,0.00016216836229432374,0.0,0.0,0.0,0.0,0.0,0.0,0.0,0.0,0.0,,,,,,,,,,,,,,,,
678,0.0003951607213821262,-0.4377274215221405,0.00020327838137745857,0.00019188234000466764,0.0,0.0,0.0,0.0,0.0,0.0,0.0,0.0,0.0,,,,,,,,,,,,,,,,
679,0.00033699104096740484,-0.44192519783973694,0.00017013312026392668,0.00016685790615156293,0.0,0.0,0.0,0.0,0.0,0.0,0.0,0.0,0.0,,,,,,,,,,,,,,,,
680,0.00033751584123820066,-0.4414486885070801,0.00017590104835107923,0.00016161480743903667,0.0,0.0,0.0,0.0,0.0,0.0,0.0,0.0,0.0,,,,,,,,,,,,,,,,
681,0.00038273638347163796,-0.4390341341495514,0.00019255319784861058,0.00019018317107111216,0.0,0.0,0.0,0.0,0.0,0.0,0.0,0.0,0.0,,,,,,,,,,,,,,,,
682,0.0003482501779217273,-0.43934130668640137,0.00017182524607051164,0.00017642493185121566,0.0,0.0,0.0,0.0,0.0,0.0,0.0,0.0,0.0,,,,,,,,,,,,,,,,
683,0.00033429154427722096,-0.44013655185699463,0.00017106351151596755,0.00016322804731316864,0.0,0.0,0.0,0.0,0.0,0.0,0.0,0.0,0.0,,,,,,,,,,,,,,,,
684,0.0003545728977769613,-0.44010722637176514,0.0001776084245648235,0.00017696448776405305,0.0,0.0,0.0,0.0,0.0,0.0,0.0,0.0,0.0,,,,,,,,,,,,,,,,
685,0.000315470970235765,-0.4386497735977173,0.00015906785847619176,0.00015640312631148845,0.0,0.0,0.0,0.0,0.0,0.0,0.0,0.0,0.0,,,,,,,,,,,,,,,,
686,0.0003253691829741001,-0.4417770504951477,0.00016512787260580808,0.0001602412958163768,0.0,0.0,0.0,0.0,0.0,0.0,0.0,0.0,0.0,,,,,,,,,,,,,,,,
687,0.000355573371052742,-0.4458869397640228,0.00018088000069838017,0.0001746933558024466,0.0,0.0,0.0,0.0,0.0,0.0,0.0,0.0,0.0,,,,,,,,,,,,,,,,
688,0.0003681532107293606,-0.44391968846321106,0.00018575826834421605,0.00018239494238514453,0.0,0.0,0.0,0.0,0.0,0.0,0.0,0.0,0.0,,,,,,,,,,,,,,,,
689,0.0003353090141899884,-0.44045644998550415,0.00016528401465620846,0.00017002499953377992,0.0,0.0,0.0,0.0,0.0,0.0,0.0,0.0,0.0,,,,,,,,,,,,,,,,
690,0.000339044927386567,-0.4418245255947113,0.0001694907114142552,0.0001695542159723118,0.0,0.0,0.0,0.0,0.0,0.0,0.0,0.0,0.0,,,,,,,,,,,,,,,,
691,0.0003381395654287189,-0.44303959608078003,0.00016999604122247547,0.00016814352420624346,0.0,0.0,0.0,0.0,0.0,0.0,0.0,0.0,0.0,,,,,,,,,,,,,,,,
692,0.0003434378304518759,-0.4453902244567871,0.00017255291459150612,0.0001708849158603698,0.0,0.0,0.0,0.0,0.0,0.0,0.0,0.0,0.0,,,,,,,,,,,,,,,,
693,0.0003743037232197821,-0.4440363347530365,0.00018963273032568395,0.00018467099289409816,0.0,0.0,0.0,0.0,0.0,0.0,0.0,0.0,0.0,,,,,,,,,,,,,,,,
694,0.00034166761906817555,-0.44352054595947266,0.00017277458391617984,0.00016889304970391095,0.0,0.0,0.0,0.0,0.0,0.0,0.0,0.0,0.0,,,,,,,,,,,,,,,,
695,0.0003303644771222025,-0.4457525908946991,0.00016557745402678847,0.00016478702309541404,0.0,0.0,0.0,0.0,0.0,0.0,0.0,0.0,0.0,,,,,,,,,,,,,,,,
696,0.00034604710526764393,-0.4453320801258087,0.00017654527619015425,0.0001695018436294049,0.0,0.0,0.0,0.0,0.0,0.0,0.0,0.0,0.0,,,,,,,,,,,,,,,,
697,0.0003186751273460686,-0.44359126687049866,0.0001596358633833006,0.00015903926396276802,0.0,0.0,0.0,0.0,0.0,0.0,0.0,0.0,0.0,,,,,,,,,,,,,,,,
698,0.00038414355367422104,-0.4444127678871155,0.0001931273000082001,0.00019101625366602093,0.0,0.0,0.0,0.0,0.0,0.0,0.0,0.0,0.0,,,,,,,,,,,,,,,,
699,0.00032430284772999585,-0.448778361082077,0.0001621142728254199,0.00016218857490457594,0.0,0.0,0.0,0.0,0.0,0.0,0.0,0.0,0.0,,,,,,,,,,,,,,,,
700,0.00032394472509622574,-0.4496849477291107,0.00016282172873616219,0.00016112299636006355,0.0,0.0,0.0,0.0,0.0,0.0,0.0,0.0,0.0,,,,,,,,,,,,,,,,
701,0.0003624122473411262,-0.446641743183136,0.00018315300985705107,0.0001792592229321599,0.0,0.0,0.0,0.0,0.0,0.0,0.0,0.0,0.0,,,,,,,,,,,,,,,,
702,0.000347113236784935,-0.4463314712047577,0.00017595996905583888,0.00017115325317718089,0.0,0.0,0.0,0.0,0.0,0.0,0.0,0.0,0.0,,,,,,,,,,,,,,,,
703,0.0003734042402356863,-0.4486353099346161,0.00018807036394719034,0.00018533386173658073,0.0,0.0,0.0,0.0,0.0,0.0,0.0,0.0,0.0,,,,,,,,,,,,,,,,
704,0.00031710288021713495,-0.44946908950805664,0.00015883069136179984,0.00015827220340725034,0.0,0.0,0.0,0.0,0.0,0.0,0.0,0.0,0.0,,,,,,,,,,,,,,,,
705,0.0003305650898255408,-0.44673803448677063,0.00016795007104519755,0.000162615004228428,0.0,0.0,0.0,0.0,0.0,0.0,0.0,0.0,0.0,,,,,,,,,,,,,,,,
706,0.00034940216573886573,-0.4495132267475128,0.00017526454757899046,0.00017413761815987527,0.0,0.0,0.0,0.0,0.0,0.0,0.0,0.0,0.0,,,,,,,,,,,,,,,,
707,0.00032467173878103495,-0.4514753222465515,0.00016139134822878987,0.00016328037600032985,0.0,0.0,0.0,0.0,0.0,0.0,0.0,0.0,0.0,,,,,,,,,,,,,,,,
708,0.000334422686137259,-0.45021429657936096,0.00016308933845721185,0.00017133333312813193,0.0,0.0,0.0,0.0,0.0,0.0,0.0,0.0,0.0,,,,,,,,,,,,,,,,
709,0.0003163779911119491,-0.4490918517112732,0.00016014944412745535,0.00015622854698449373,0.0,0.0,0.0,0.0,0.0,0.0,0.0,0.0,0.0,,,,,,,,,,,,,,,,
710,0.00034572966978885233,-0.45218631625175476,0.00017479526286479086,0.00017093440692406148,0.0,0.0,0.0,0.0,0.0,0.0,0.0,0.0,0.0,,,,,,,,,,,,,,,,
711,0.00030413345666602254,-0.4541514217853546,0.00015273115423042327,0.00015140230243559927,0.0,0.0,0.0,0.0,0.0,0.0,0.0,0.0,0.0,,,,,,,,,,,,,,,,
712,0.00033916483516804874,-0.4498220980167389,0.0001679142442299053,0.00017125059093814343,0.0,0.0,0.0,0.0,0.0,0.0,0.0,0.0,0.0,,,,,,,,,,,,,,,,
713,0.0003290300373919308,-0.44916319847106934,0.0001647352473810315,0.0001642947900108993,0.0,0.0,0.0,0.0,0.0,0.0,0.0,0.0,0.0,,,,,,,,,,,,,,,,
714,0.000330559560097754,-0.45415234565734863,0.00016766732733231038,0.00016289224731735885,0.0,0.0,0.0,0.0,0.0,0.0,0.0,0.0,0.0,,,,,,,,,,,,,,,,
715,0.0003676021588034928,-0.45450136065483093,0.00018531890236772597,0.00018228327098768204,0.0,0.0,0.0,0.0,0.0,0.0,0.0,0.0,0.0,,,,,,,,,,,,,,,,
716,0.00033692579017952085,-0.45072561502456665,0.00017220592417288572,0.00016471986600663513,0.0,0.0,0.0,0.0,0.0,0.0,0.0,0.0,0.0,,,,,,,,,,,,,,,,
717,0.0003410066419746727,-0.4542251527309418,0.00016840710304677486,0.0001725995389278978,0.0,0.0,0.0,0.0,0.0,0.0,0.0,0.0,0.0,,,,,,,,,,,,,,,,
718,0.00032186059979721904,-0.45591944456100464,0.00016302218136843294,0.00015883840387687087,0.0,0.0,0.0,0.0,0.0,0.0,0.0,0.0,0.0,,,,,,,,,,,,,,,,
719,0.00036909565096721053,-0.4514891505241394,0.0001880383788375184,0.00018105727212969214,0.0,0.0,0.0,0.0,0.0,0.0,0.0,0.0,0.0,,,,,,,,,,,,,,,,
720,0.0003310661995783448,-0.4527648389339447,0.00016427550872322172,0.0001667906908551231,0.0,0.0,0.0,0.0,0.0,0.0,0.0,0.0,0.0,,,,,,,,,,,,,,,,
721,0.0003364743897691369,-0.45849505066871643,0.0001672635698923841,0.00016921080532483757,0.0,0.0,0.0,0.0,0.0,0.0,0.0,0.0,0.0,,,,,,,,,,,,,,,,
722,0.0003433006932027638,-0.459585040807724,0.00017319191829301417,0.00017010878946166486,0.0,0.0,0.0,0.0,0.0,0.0,0.0,0.0,0.0,,,,,,,,,,,,,,,,
723,0.0003324842546135187,-0.453262060880661,0.00016608847363386303,0.00016639578097965568,0.0,0.0,0.0,0.0,0.0,0.0,0.0,0.0,0.0,,,,,,,,,,,,,,,,
724,0.0003081791801378131,-0.453941285610199,0.00015360182442236692,0.00015457734116353095,0.0,0.0,0.0,0.0,0.0,0.0,0.0,0.0,0.0,,,,,,,,,,,,,,,,
725,0.00032612858922220767,-0.458466112613678,0.00016443285858258605,0.00016169573063962162,0.0,0.0,0.0,0.0,0.0,0.0,0.0,0.0,0.0,,,,,,,,,,,,,,,,
726,0.00034231238532811403,-0.45837563276290894,0.00017346799722872674,0.00016884437354747206,0.0,0.0,0.0,0.0,0.0,0.0,0.0,0.0,0.0,,,,,,,,,,,,,,,,
727,0.000297927123028785,-0.45351818203926086,0.0001491559378337115,0.00014877119974698871,0.0,0.0,0.0,0.0,0.0,0.0,0.0,0.0,0.0,,,,,,,,,,,,,,,,
728,0.0003499209997244179,-0.4568823277950287,0.0001754998229444027,0.00017442119133193046,0.0,0.0,0.0,0.0,0.0,0.0,0.0,0.0,0.0,,,,,,,,,,,,,,,,
729,0.0003068950609304011,-0.4620257616043091,0.00015516455459874123,0.00015173049177974463,0.0,0.0,0.0,0.0,0.0,0.0,0.0,0.0,0.0,,,,,,,,,,,,,,,,
730,0.0003021071315743029,-0.4578518569469452,0.00015056933625601232,0.00015153780987020582,0.0,0.0,0.0,0.0,0.0,0.0,0.0,0.0,0.0,,,,,,,,,,,,,,,,
731,0.0003200171631760895,-0.45671454071998596,0.00016364900511689484,0.00015636815805919468,0.0,0.0,0.0,0.0,0.0,0.0,0.0,0.0,0.0,,,,,,,,,,,,,,,,
732,0.0003010226646438241,-0.4587595760822296,0.00015140234609134495,0.00014962031855247915,0.0,0.0,0.0,0.0,0.0,0.0,0.0,0.0,0.0,,,,,,,,,,,,,,,,
733,0.00034134509041905403,-0.4604301452636719,0.00017142138676717877,0.00016992368909996003,0.0,0.0,0.0,0.0,0.0,0.0,0.0,0.0,0.0,,,,,,,,,,,,,,,,
734,0.00031277164816856384,-0.46131858229637146,0.00015710384468548,0.00015566781803499907,0.0,0.0,0.0,0.0,0.0,0.0,0.0,0.0,0.0,,,,,,,,,,,,,,,,
735,0.00032376570743508637,-0.45904821157455444,0.0001625988952582702,0.00016116681217681617,0.0,0.0,0.0,0.0,0.0,0.0,0.0,0.0,0.0,,,,,,,,,,,,,,,,
736,0.0003049574443139136,-0.4599774479866028,0.00015515292761847377,0.00014980451669543982,0.0,0.0,0.0,0.0,0.0,0.0,0.0,0.0,0.0,,,,,,,,,,,,,,,,
737,0.0003169721458107233,-0.4619756042957306,0.00016084835806395859,0.00015612378774676472,0.0,0.0,0.0,0.0,0.0,0.0,0.0,0.0,0.0,,,,,,,,,,,,,,,,
738,0.00032841507345438004,-0.46024590730667114,0.00016703043365851045,0.0001613846397958696,0.0,0.0,0.0,0.0,0.0,0.0,0.0,0.0,0.0,,,,,,,,,,,,,,,,
739,0.0003344062133692205,-0.461605966091156,0.00017163858865387738,0.0001627676101634279,0.0,0.0,0.0,0.0,0.0,0.0,0.0,0.0,0.0,,,,,,,,,,,,,,,,
740,0.00030870462069287896,-0.4622192978858948,0.000155536865349859,0.00015316775534301996,0.0,0.0,0.0,0.0,0.0,0.0,0.0,0.0,0.0,,,,,,,,,,,,,,,,
741,0.0003166107926517725,-0.46330881118774414,0.00015904261090327054,0.00015756816719658673,0.0,0.0,0.0,0.0,0.0,0.0,0.0,0.0,0.0,,,,,,,,,,,,,,,,
742,0.0002903571003116667,-0.4603661894798279,0.00014680124877486378,0.00014355586608871818,0.0,0.0,0.0,0.0,0.0,0.0,0.0,0.0,0.0,,,,,,,,,,,,,,,,
743,0.000310176401399076,-0.45992711186408997,0.00015386828454211354,0.00015630811685696244,0.0,0.0,0.0,0.0,0.0,0.0,0.0,0.0,0.0,,,,,,,,,,,,,,,,
744,0.0003199034836143255,-0.4650033116340637,0.00015903818712104112,0.00016086528194136918,0.0,0.0,0.0,0.0,0.0,0.0,0.0,0.0,0.0,,,,,,,,,,,,,,,,
745,0.00031448437948711216,-0.4629446566104889,0.00016013265121728182,0.00015435172826983035,0.0,0.0,0.0,0.0,0.0,0.0,0.0,0.0,0.0,,,,,,,,,,,,,,,,
746,0.00029221485601738095,-0.4612307846546173,0.00014704106433782727,0.00014517377712763846,0.0,0.0,0.0,0.0,0.0,0.0,0.0,0.0,0.0,,,,,,,,,,,,,,,,
747,0.00031592673622071743,-0.4647292494773865,0.00016114993195515126,0.00015477678971365094,0.0,0.0,0.0,0.0,0.0,0.0,0.0,0.0,0.0,,,,,,,,,,,,,,,,
748,0.0003037231508642435,-0.46862369775772095,0.000151954242028296,0.00015176890883594751,0.0,0.0,0.0,0.0,0.0,0.0,0.0,0.0,0.0,,,,,,,,,,,,,,,,
749,0.00034178057103417814,-0.4650871157646179,0.00016845468780957162,0.00017332588322460651,0.0,0.0,0.0,0.0,0.0,0.0,0.0,0.0,0.0,,,,,,,,,,,,,,,,
750,0.000363676343113184,-0.4637584984302521,0.00018211692804470658,0.00018155942962039262,0.0,0.0,0.0,0.0,0.0,0.0,0.0,0.0,0.0,,,,,,,,,,,,,,,,
751,0.00039179815212264657,-0.46578270196914673,0.0001948881399584934,0.00019691001216415316,0.0,0.0,0.0,0.0,0.0,0.0,0.0,0.0,0.0,,,,,,,,,,,,,,,,
752,0.00047773224650882185,-0.4687127470970154,0.0002415202179690823,0.00023621202853973955,0.0,0.0,0.0,0.0,0.0,0.0,0.0,0.0,0.0,,,,,,,,,,,,,,,,
753,0.0003426718758419156,-0.4646652340888977,0.00017389925778843462,0.0001687726326053962,0.0,0.0,0.0,0.0,0.0,0.0,0.0,0.0,0.0,,,,,,,,,,,,,,,,
754,0.00032869382994249463,-0.46476563811302185,0.00016513672017026693,0.0001635571097722277,0.0,0.0,0.0,0.0,0.0,0.0,0.0,0.0,0.0,,,,,,,,,,,,,,,,
755,0.00032236671540886164,-0.4698399305343628,0.00016255183436442167,0.0001598148955963552,0.0,0.0,0.0,0.0,0.0,0.0,0.0,0.0,0.0,,,,,,,,,,,,,,,,
756,0.000333844858687371,-0.47060221433639526,0.00016798228898551315,0.00016586256970185786,0.0,0.0,0.0,0.0,0.0,0.0,0.0,0.0,0.0,,,,,,,,,,,,,,,,
757,0.00029042866663075984,-0.46785202622413635,0.00014635107072535902,0.0001440775959054008,0.0,0.0,0.0,0.0,0.0,0.0,0.0,0.0,0.0,,,,,,,,,,,,,,,,
758,0.00030016753589734435,-0.4686528444290161,0.0001521230151411146,0.000148044535308145,0.0,0.0,0.0,0.0,0.0,0.0,0.0,0.0,0.0,,,,,,,,,,,,,,,,
759,0.00031669551390223205,-0.46775346994400024,0.00015974522102624178,0.00015695029287599027,0.0,0.0,0.0,0.0,0.0,0.0,0.0,0.0,0.0,,,,,,,,,,,,,,,,
760,0.00031156741897575557,-0.4688434898853302,0.00015851511852815747,0.0001530523004475981,0.0,0.0,0.0,0.0,0.0,0.0,0.0,0.0,0.0,,,,,,,,,,,,,,,,
761,0.00032666471088305116,-0.468710720539093,0.00016569274885114282,0.00016097197658382356,0.0,0.0,0.0,0.0,0.0,0.0,0.0,0.0,0.0,,,,,,,,,,,,,,,,
762,0.0002842636895366013,-0.46979406476020813,0.00014517578529193997,0.0001390878896927461,0.0,0.0,0.0,0.0,0.0,0.0,0.0,0.0,0.0,,,,,,,,,,,,,,,,
763,0.0002947620814666152,-0.4718029499053955,0.00015094320406205952,0.0001438188919564709,0.0,0.0,0.0,0.0,0.0,0.0,0.0,0.0,0.0,,,,,,,,,,,,,,,,
764,0.0003122708876617253,-0.4702865183353424,0.0001558922085678205,0.00015637869364582002,0.0,0.0,0.0,0.0,0.0,0.0,0.0,0.0,0.0,,,,,,,,,,,,,,,,
765,0.0003036065027117729,-0.4705273509025574,0.00015039247227832675,0.00015321401588153094,0.0,0.0,0.0,0.0,0.0,0.0,0.0,0.0,0.0,,,,,,,,,,,,,,,,
766,0.0003057087888009846,-0.47309499979019165,0.00015267667185980827,0.00015303213149309158,0.0,0.0,0.0,0.0,0.0,0.0,0.0,0.0,0.0,,,,,,,,,,,,,,,,
767,0.0002862531691789627,-0.4707947075366974,0.00014480866957455873,0.0001414445141563192,0.0,0.0,0.0,0.0,0.0,0.0,0.0,0.0,0.0,,,,,,,,,,,,,,,,
768,0.00031877716537564993,-0.47023093700408936,0.00015878028352744877,0.00015999686729628593,0.0,0.0,0.0,0.0,0.0,0.0,0.0,0.0,0.0,,,,,,,,,,,,,,,,
769,0.0002903988061007112,-0.4731196165084839,0.00014393743185792118,0.00014646137424279004,0.0,0.0,0.0,0.0,0.0,0.0,0.0,0.0,0.0,,,,,,,,,,,,,,,,
770,0.00030372722540050745,-0.47523677349090576,0.00015281343075912446,0.000150913794641383,0.0,0.0,0.0,0.0,0.0,0.0,0.0,0.0,0.0,,,,,,,,,,,,,,,,
771,0.00033006916055455804,-0.4733380973339081,0.00016545083781238645,0.00016461830819025636,0.0,0.0,0.0,0.0,0.0,0.0,0.0,0.0,0.0,,,,,,,,,,,,,,,,
772,0.00035926763666793704,-0.4707820415496826,0.00017946958541870117,0.0001797980658011511,0.0,0.0,0.0,0.0,0.0,0.0,0.0,0.0,0.0,,,,,,,,,,,,,,,,
773,0.00030168547527864575,-0.4745157063007355,0.00015000202984083444,0.00015168345998972654,0.0,0.0,0.0,0.0,0.0,0.0,0.0,0.0,0.0,,,,,,,,,,,,,,,,
774,0.0003229530993849039,-0.47571447491645813,0.00016304446035064757,0.0001599086244823411,0.0,0.0,0.0,0.0,0.0,0.0,0.0,0.0,0.0,,,,,,,,,,,,,,,,
775,0.00027191051049157977,-0.4743601381778717,0.00013667780149262398,0.00013523272355087101,0.0,0.0,0.0,0.0,0.0,0.0,0.0,0.0,0.0,,,,,,,,,,,,,,,,
776,0.0002682732592802495,-0.47159579396247864,0.00013622593542095274,0.00013204732385929674,0.0,0.0,0.0,0.0,0.0,0.0,0.0,0.0,0.0,,,,,,,,,,,,,,,,
777,0.00029795223963446915,-0.47610345482826233,0.00014906869910191745,0.0001488835405325517,0.0,0.0,0.0,0.0,0.0,0.0,0.0,0.0,0.0,,,,,,,,,,,,,,,,
778,0.0003164067165926099,-0.47892796993255615,0.00015763778355903924,0.00015876891848165542,0.0,0.0,0.0,0.0,0.0,0.0,0.0,0.0,0.0,,,,,,,,,,,,,,,,
779,0.0003283086116425693,-0.4754289984703064,0.00016500083438586444,0.00016330776270478964,0.0,0.0,0.0,0.0,0.0,0.0,0.0,0.0,0.0,,,,,,,,,,,,,,,,
780,0.00028249563183635473,-0.4743191599845886,0.00014224230835679919,0.00014025333803147078,0.0,0.0,0.0,0.0,0.0,0.0,0.0,0.0,0.0,,,,,,,,,,,,,,,,
781,0.0003530058602336794,-0.4799251854419708,0.00017785682575777173,0.00017514903447590768,0.0,0.0,0.0,0.0,0.0,0.0,0.0,0.0,0.0,,,,,,,,,,,,,,,,
782,0.00036282214568927884,-0.47523948550224304,0.0001870510750450194,0.00017577107064425945,0.0,0.0,0.0,0.0,0.0,0.0,0.0,0.0,0.0,,,,,,,,,,,,,,,,
783,0.00036162807373329997,-0.4733569920063019,0.00018059926514979452,0.00018102880858350545,0.0,0.0,0.0,0.0,0.0,0.0,0.0,0.0,0.0,,,,,,,,,,,,,,,,
784,0.0004887234535999596,-0.47863146662712097,0.00024761760141700506,0.00024110583763103932,0.0,0.0,0.0,0.0,0.0,0.0,0.0,0.0,0.0,,,,,,,,,,,,,,,,
785,0.0003020104195456952,-0.48012617230415344,0.00015098805306479335,0.00015102236648090184,0.0,0.0,0.0,0.0,0.0,0.0,0.0,0.0,0.0,,,,,,,,,,,,,,,,
786,0.00028528046095743775,-0.4771508574485779,0.00014597291010431945,0.00013930756540503353,0.0,0.0,0.0,0.0,0.0,0.0,0.0,0.0,0.0,,,,,,,,,,,,,,,,
787,0.0002892249613068998,-0.47741416096687317,0.00014420693332795054,0.00014501804253086448,0.0,0.0,0.0,0.0,0.0,0.0,0.0,0.0,0.0,,,,,,,,,,,,,,,,
788,0.0002992982044816017,-0.48301008343696594,0.00015197739412542433,0.00014732082490809262,0.0,0.0,0.0,0.0,0.0,0.0,0.0,0.0,0.0,,,,,,,,,,,,,,,,
789,0.00028318085242062807,-0.479796826839447,0.00014002715761307627,0.00014315368025563657,0.0,0.0,0.0,0.0,0.0,0.0,0.0,0.0,0.0,,,,,,,,,,,,,,,,
790,0.0003007919294759631,-0.476998507976532,0.00015308505680877715,0.0001477068872191012,0.0,0.0,0.0,0.0,0.0,0.0,0.0,0.0,0.0,,,,,,,,,,,,,,,,
791,0.00027392455376684666,-0.47901734709739685,0.00013567903079092503,0.0001382455084240064,0.0,0.0,0.0,0.0,0.0,0.0,0.0,0.0,0.0,,,,,,,,,,,,,,,,
792,0.00030786398565396667,-0.4816126227378845,0.00015479011926800013,0.0001530738518340513,0.0,0.0,0.0,0.0,0.0,0.0,0.0,0.0,0.0,,,,,,,,,,,,,,,,
793,0.0002792211016640067,-0.4819972515106201,0.00014007995196152478,0.0001391411351505667,0.0,0.0,0.0,0.0,0.0,0.0,0.0,0.0,0.0,,,,,,,,,,,,,,,,
794,0.00026470227749086916,-0.4790441393852234,0.00013082714576739818,0.00013387513172347099,0.0,0.0,0.0,0.0,0.0,0.0,0.0,0.0,0.0,,,,,,,,,,,,,,,,
795,0.0002901001716963947,-0.4799138903617859,0.00014473943156190217,0.0001453607255825773,0.0,0.0,0.0,0.0,0.0,0.0,0.0,0.0,0.0,,,,,,,,,,,,,,,,
796,0.00028417285648174584,-0.48376914858818054,0.00014249671949073672,0.00014167613699100912,0.0,0.0,0.0,0.0,0.0,0.0,0.0,0.0,0.0,,,,,,,,,,,,,,,,
797,0.00026254309341311455,-0.48228052258491516,0.00013427328667603433,0.00012826982128899544,0.0,0.0,0.0,0.0,0.0,0.0,0.0,0.0,0.0,,,,,,,,,,,,,,,,
798,0.0002798515488393605,-0.4798198640346527,0.0001419447362422943,0.0001379068271489814,0.0,0.0,0.0,0.0,0.0,0.0,0.0,0.0,0.0,,,,,,,,,,,,,,,,
799,0.000279459694866091,-0.4806085228919983,0.00014200825535226613,0.0001374514540657401,0.0,0.0,0.0,0.0,0.0,0.0,0.0,0.0,0.0,,,,,,,,,,,,,,,,
800,0.0002676450530998409,-0.4842507541179657,0.00013627414591610432,0.00013137090718373656,0.0,0.0,0.0,0.0,0.0,0.0,0.0,0.0,0.0,,,,,,,,,,,,,,,,
801,0.000285398360574618,-0.48338258266448975,0.00014272531552705914,0.00014267304504755884,0.0,0.0,0.0,0.0,0.0,0.0,0.0,0.0,0.0,,,,,,,,,,,,,,,,
802,0.00026360672200098634,-0.4831700921058655,0.00013251599739305675,0.00013109071005601436,0.0,0.0,0.0,0.0,0.0,0.0,0.0,0.0,0.0,,,,,,,,,,,,,,,,
803,0.00029155652737244964,-0.4845717251300812,0.0001483531523263082,0.00014320338959805667,0.0,0.0,0.0,0.0,0.0,0.0,0.0,0.0,0.0,,,,,,,,,,,,,,,,
804,0.0002786628610920161,-0.48618951439857483,0.0001412293204339221,0.000137433540658094,0.0,0.0,0.0,0.0,0.0,0.0,0.0,0.0,0.0,,,,,,,,,,,,,,,,
805,0.0003147319657728076,-0.48480892181396484,0.00015839953266549855,0.00015633241855539382,0.0,0.0,0.0,0.0,0.0,0.0,0.0,0.0,0.0,,,,,,,,,,,,,,,,
806,0.0002854421327356249,-0.4834868609905243,0.00014494697097688913,0.00014049516175873578,0.0,0.0,0.0,0.0,0.0,0.0,0.0,0.0,0.0,,,,,,,,,,,,,,,,
807,0.00028141093207523227,-0.48488858342170715,0.00014066816947888583,0.00014074277714826167,0.0,0.0,0.0,0.0,0.0,0.0,0.0,0.0,0.0,,,,,,,,,,,,,,,,
808,0.0002986959007102996,-0.48535606265068054,0.00015190216072369367,0.00014679373998660594,0.0,0.0,0.0,0.0,0.0,0.0,0.0,0.0,0.0,,,,,,,,,,,,,,,,
809,0.0003621165524236858,-0.485535591840744,0.00018202766659669578,0.00018008887127507478,0.0,0.0,0.0,0.0,0.0,0.0,0.0,0.0,0.0,,,,,,,,,,,,,,,,
810,0.0002674200222827494,-0.4873819053173065,0.00013403096818365157,0.00013338905409909785,0.0,0.0,0.0,0.0,0.0,0.0,0.0,0.0,0.0,,,,,,,,,,,,,,,,
811,0.00029411271680146456,-0.4889219403266907,0.00014690234092995524,0.00014721037587150931,0.0,0.0,0.0,0.0,0.0,0.0,0.0,0.0,0.0,,,,,,,,,,,,,,,,
812,0.000415997754316777,-0.48503750562667847,0.00020855542970821261,0.00020744232460856438,0.0,0.0,0.0,0.0,0.0,0.0,0.0,0.0,0.0,,,,,,,,,,,,,,,,
813,0.00027284095995128155,-0.4857924282550812,0.0001385696668876335,0.00013427130761556327,0.0,0.0,0.0,0.0,0.0,0.0,0.0,0.0,0.0,,,,,,,,,,,,,,,,
814,0.00028540403582155704,-0.4887801706790924,0.00014444618136622012,0.00014095785445533693,0.0,0.0,0.0,0.0,0.0,0.0,0.0,0.0,0.0,,,,,,,,,,,,,,,,
815,0.00026087294099852443,-0.4878402650356293,0.00013148935977369547,0.00012938356667291373,0.0,0.0,0.0,0.0,0.0,0.0,0.0,0.0,0.0,,,,,,,,,,,,,,,,
816,0.000291989475954324,-0.48675885796546936,0.00014542991993948817,0.0001465595414629206,0.0,0.0,0.0,0.0,0.0,0.0,0.0,0.0,0.0,,,,,,,,,,,,,,,,
817,0.00027411046903580427,-0.4895855188369751,0.0001389265526086092,0.00013518390187527984,0.0,0.0,0.0,0.0,0.0,0.0,0.0,0.0,0.0,,,,,,,,,,,,,,,,
818,0.0002680665347725153,-0.49256631731987,0.00013474028673954308,0.00013332626258488744,0.0,0.0,0.0,0.0,0.0,0.0,0.0,0.0,0.0,,,,,,,,,,,,,,,,
819,0.00027553190011531115,-0.4894268810749054,0.0001390019169775769,0.000136529968585819,0.0,0.0,0.0,0.0,0.0,0.0,0.0,0.0,0.0,,,,,,,,,,,,,,,,
820,0.0002971055801026523,-0.4878493845462799,0.0001515865878900513,0.00014551900676451623,0.0,0.0,0.0,0.0,0.0,0.0,0.0,0.0,0.0,,,,,,,,,,,,,,,,
821,0.00027018089895136654,-0.48901090025901794,0.00013866172230336815,0.0001315191766479984,0.0,0.0,0.0,0.0,0.0,0.0,0.0,0.0,0.0,,,,,,,,,,,,,,,,
822,0.00028888386441394687,-0.4914516508579254,0.0001435806043446064,0.00014530324551742524,0.0,0.0,0.0,0.0,0.0,0.0,0.0,0.0,0.0,,,,,,,,,,,,,,,,
823,0.0002813934115692973,-0.48962029814720154,0.00014234046102501452,0.00013905296509619802,0.0,0.0,0.0,0.0,0.0,0.0,0.0,0.0,0.0,,,,,,,,,,,,,,,,
824,0.0002740419004112482,-0.4896136224269867,0.00014086597366258502,0.0001331759267486632,0.0,0.0,0.0,0.0,0.0,0.0,0.0,0.0,0.0,,,,,,,,,,,,,,,,
825,0.0002820087247528136,-0.4940776228904724,0.00014336574531625956,0.00013864297943655401,0.0,0.0,0.0,0.0,0.0,0.0,0.0,0.0,0.0,,,,,,,,,,,,,,,,
826,0.00027336907805874944,-0.4917384088039398,0.0001370581885566935,0.00013631087495014071,0.0,0.0,0.0,0.0,0.0,0.0,0.0,0.0,0.0,,,,,,,,,,,,,,,,
827,0.00027313875034451485,-0.4888785481452942,0.00013643137936014682,0.00013670737098436803,0.0,0.0,0.0,0.0,0.0,0.0,0.0,0.0,0.0,,,,,,,,,,,,,,,,
828,0.0002930645423475653,-0.49441125988960266,0.00014774520241189748,0.0001453193399356678,0.0,0.0,0.0,0.0,0.0,0.0,0.0,0.0,0.0,,,,,,,,,,,,,,,,
829,0.0002770158462226391,-0.49457475543022156,0.00014019457739777863,0.00013682128337677568,0.0,0.0,0.0,0.0,0.0,0.0,0.0,0.0,0.0,,,,,,,,,,,,,,,,
830,0.000301316031254828,-0.4894849359989166,0.00014823787205386907,0.00015307814464904368,0.0,0.0,0.0,0.0,0.0,0.0,0.0,0.0,0.0,,,,,,,,,,,,,,,,
831,0.00028082457720302045,-0.49328815937042236,0.0001424155489075929,0.00013840902829542756,0.0,0.0,0.0,0.0,0.0,0.0,0.0,0.0,0.0,,,,,,,,,,,,,,,,
832,0.0002771667786873877,-0.49816372990608215,0.00013934061280451715,0.00013782615133095533,0.0,0.0,0.0,0.0,0.0,0.0,0.0,0.0,0.0,,,,,,,,,,,,,,,,
833,0.0002870685129892081,-0.4930329918861389,0.00014774584269616753,0.00013932267029304057,0.0,0.0,0.0,0.0,0.0,0.0,0.0,0.0,0.0,,,,,,,,,,,,,,,,
834,0.0002510193735361099,-0.49064192175865173,0.00012469998910091817,0.00012631936988327652,0.0,0.0,0.0,0.0,0.0,0.0,0.0,0.0,0.0,,,,,,,,,,,,,,,,
835,0.0003081322938669473,-0.49696511030197144,0.0001526194391772151,0.0001555128546897322,0.0,0.0,0.0,0.0,0.0,0.0,0.0,0.0,0.0,,,,,,,,,,,,,,,,
836,0.0002915817021857947,-0.49970656633377075,0.0001469875278417021,0.0001445941743440926,0.0,0.0,0.0,0.0,0.0,0.0,0.0,0.0,0.0,,,,,,,,,,,,,,,,
837,0.0003047509817406535,-0.49265581369400024,0.00015673496818635613,0.0001480160135542974,0.0,0.0,0.0,0.0,0.0,0.0,0.0,0.0,0.0,,,,,,,,,,,,,,,,
838,0.00029650499345734715,-0.4950559735298157,0.00014517332601826638,0.000151331681990996,0.0,0.0,0.0,0.0,0.0,0.0,0.0,0.0,0.0,,,,,,,,,,,,,,,,
839,0.00027079362189397216,-0.5005281567573547,0.00013761867012362927,0.00013317493721842766,0.0,0.0,0.0,0.0,0.0,0.0,0.0,0.0,0.0,,,,,,,,,,,,,,,,
840,0.000297796941595152,-0.4960264265537262,0.00014917338558007032,0.0001486235560150817,0.0,0.0,0.0,0.0,0.0,0.0,0.0,0.0,0.0,,,,,,,,,,,,,,,,
841,0.00026799802435562015,-0.4924505054950714,0.0001351559185422957,0.00013284210581332445,0.0,0.0,0.0,0.0,0.0,0.0,0.0,0.0,0.0,,,,,,,,,,,,,,,,
842,0.000265437294729054,-0.4990030527114868,0.00013262772699818015,0.0001328095531789586,0.0,0.0,0.0,0.0,0.0,0.0,0.0,0.0,0.0,,,,,,,,,,,,,,,,
843,0.00025469320826232433,-0.5012111663818359,0.00012817328388337046,0.00012651990982703865,0.0,0.0,0.0,0.0,0.0,0.0,0.0,0.0,0.0,,,,,,,,,,,,,,,,
844,0.00028228433802723885,-0.49718788266181946,0.00014541318523697555,0.0001368711527902633,0.0,0.0,0.0,0.0,0.0,0.0,0.0,0.0,0.0,,,,,,,,,,,,,,,,
845,0.00027022953145205975,-0.49625450372695923,0.00013966656115371734,0.00013056298485025764,0.0,0.0,0.0,0.0,0.0,0.0,0.0,0.0,0.0,,,,,,,,,,,,,,,,
846,0.0002825442934408784,-0.5015475153923035,0.00013974514149595052,0.00014279913739301264,0.0,0.0,0.0,0.0,0.0,0.0,0.0,0.0,0.0,,,,,,,,,,,,,,,,
847,0.00027966045308858156,-0.49870485067367554,0.00014108960749581456,0.00013857083104085177,0.0,0.0,0.0,0.0,0.0,0.0,0.0,0.0,0.0,,,,,,,,,,,,,,,,
848,0.00025843604817055166,-0.49525606632232666,0.00012757019430864602,0.00013086585386190563,0.0,0.0,0.0,0.0,0.0,0.0,0.0,0.0,0.0,,,,,,,,,,,,,,,,
849,0.0002693843562155962,-0.49959227442741394,0.0001346541102975607,0.00013473023136612028,0.0,0.0,0.0,0.0,0.0,0.0,0.0,0.0,0.0,,,,,,,,,,,,,,,,
850,0.0002828911819960922,-0.502699613571167,0.00014172494411468506,0.00014116623788140714,0.0,0.0,0.0,0.0,0.0,0.0,0.0,0.0,0.0,,,,,,,,,,,,,,,,
851,0.00026331443223170936,-0.5001318454742432,0.0001332165556959808,0.00013009787653572857,0.0,0.0,0.0,0.0,0.0,0.0,0.0,0.0,0.0,,,,,,,,,,,,,,,,
852,0.0003886366612277925,-0.4974825978279114,0.00019599201914388686,0.00019264464208390564,0.0,0.0,0.0,0.0,0.0,0.0,0.0,0.0,0.0,,,,,,,,,,,,,,,,
853,0.00028835865668952465,-0.5026182532310486,0.00014650641242042184,0.00014185225882101804,0.0,0.0,0.0,0.0,0.0,0.0,0.0,0.0,0.0,,,,,,,,,,,,,,,,
854,0.0002640083257574588,-0.5040984749794006,0.00013323717575985938,0.00013077114999759942,0.0,0.0,0.0,0.0,0.0,0.0,0.0,0.0,0.0,,,,,,,,,,,,,,,,
855,0.00028465420473366976,-0.4992024302482605,0.00014216848649084568,0.00014248571824282408,0.0,0.0,0.0,0.0,0.0,0.0,0.0,0.0,0.0,,,,,,,,,,,,,,,,
856,0.0002666087239049375,-0.49895957112312317,0.00013519561616703868,0.0001314130931859836,0.0,0.0,0.0,0.0,0.0,0.0,0.0,0.0,0.0,,,,,,,,,,,,,,,,
857,0.000267900904873386,-0.5048666596412659,0.00013266809401102364,0.00013523281086236238,0.0,0.0,0.0,0.0,0.0,0.0,0.0,0.0,0.0,,,,,,,,,,,,,,,,
858,0.0002638390869833529,-0.5043109059333801,0.0001347999641438946,0.00012903913739137352,0.0,0.0,0.0,0.0,0.0,0.0,0.0,0.0,0.0,,,,,,,,,,,,,,,,
859,0.00027910020435228944,-0.5015559792518616,0.00014014699263498187,0.00013895321171730757,0.0,0.0,0.0,0.0,0.0,0.0,0.0,0.0,0.0,,,,,,,,,,,,,,,,
860,0.00022363201424013823,-0.5019825100898743,0.00011111241474281996,0.00011251959949731827,0.0,0.0,0.0,0.0,0.0,0.0,0.0,0.0,0.0,,,,,,,,,,,,,,,,
861,0.0002808404387906194,-0.5027449727058411,0.00014352999278344214,0.00013731046055909246,0.0,0.0,0.0,0.0,0.0,0.0,0.0,0.0,0.0,,,,,,,,,,,,,,,,
862,0.00025528750848025084,-0.5037255883216858,0.0001286669576074928,0.0001266205363208428,0.0,0.0,0.0,0.0,0.0,0.0,0.0,0.0,0.0,,,,,,,,,,,,,,,,
863,0.0003170157433487475,-0.5008033514022827,0.00015991505642887205,0.00015710068691987544,0.0,0.0,0.0,0.0,0.0,0.0,0.0,0.0,0.0,,,,,,,,,,,,,,,,
864,0.0002349072601646185,-0.5032960176467896,0.00011965157318627462,0.00011525567970238626,0.0,0.0,0.0,0.0,0.0,0.0,0.0,0.0,0.0,,,,,,,,,,,,,,,,
865,0.00026010809233412147,-0.5072628855705261,0.0001293404056923464,0.00013076768664177507,0.0,0.0,0.0,0.0,0.0,0.0,0.0,0.0,0.0,,,,,,,,,,,,,,,,
866,0.0002665893407538533,-0.5052708983421326,0.00013535332982428372,0.00013123602548148483,0.0,0.0,0.0,0.0,0.0,0.0,0.0,0.0,0.0,,,,,,,,,,,,,,,,
867,0.0002653535921126604,-0.5027059316635132,0.00013361132005229592,0.00013174225750844926,0.0,0.0,0.0,0.0,0.0,0.0,0.0,0.0,0.0,,,,,,,,,,,,,,,,
868,0.0003974765713792294,-0.5045431852340698,0.0001993164187297225,0.00019816015264950693,0.0,0.0,0.0,0.0,0.0,0.0,0.0,0.0,0.0,,,,,,,,,,,,,,,,
869,0.00028489623218774796,-0.5075799226760864,0.00014063992421142757,0.00014425629342440516,0.0,0.0,0.0,0.0,0.0,0.0,0.0,0.0,0.0,,,,,,,,,,,,,,,,
870,0.0002556519175413996,-0.50644850730896,0.00012879427231382579,0.0001268576452275738,0.0,0.0,0.0,0.0,0.0,0.0,0.0,0.0,0.0,,,,,,,,,,,,,,,,
871,0.0002487843739800155,-0.5039377808570862,0.00012364944268483669,0.00012513494584709406,0.0,0.0,0.0,0.0,0.0,0.0,0.0,0.0,0.0,,,,,,,,,,,,,,,,
872,0.0002691188419703394,-0.5051607489585876,0.00013517831393983215,0.00013394052803050727,0.0,0.0,0.0,0.0,0.0,0.0,0.0,0.0,0.0,,,,,,,,,,,,,,,,
873,0.00028092676075175405,-0.5117341876029968,0.00014103655121289194,0.00013989019498694688,0.0,0.0,0.0,0.0,0.0,0.0,0.0,0.0,0.0,,,,,,,,,,,,,,,,
874,0.00027108629001304507,-0.5082903504371643,0.00013471809506881982,0.00013636818039231002,0.0,0.0,0.0,0.0,0.0,0.0,0.0,0.0,0.0,,,,,,,,,,,,,,,,
875,0.0002592368982732296,-0.5060825943946838,0.00012907951895613223,0.00013015736476518214,0.0,0.0,0.0,0.0,0.0,0.0,0.0,0.0,0.0,,,,,,,,,,,,,,,,
876,0.00026740640169009566,-0.5071830153465271,0.000132687360746786,0.00013471904094330966,0.0,0.0,0.0,0.0,0.0,0.0,0.0,0.0,0.0,,,,,,,,,,,,,,,,
877,0.00025803723838180304,-0.509122371673584,0.00012876783148385584,0.0001292694068979472,0.0,0.0,0.0,0.0,0.0,0.0,0.0,0.0,0.0,,,,,,,,,,,,,,,,
878,0.00028060300974175334,-0.5082826018333435,0.00014011404709890485,0.00014048894809093326,0.0,0.0,0.0,0.0,0.0,0.0,0.0,0.0,0.0,,,,,,,,,,,,,,,,
879,0.0002768250706139952,-0.5100216269493103,0.0001388891541864723,0.0001379359164275229,0.0,0.0,0.0,0.0,0.0,0.0,0.0,0.0,0.0,,,,,,,,,,,,,,,,
880,0.00027932249940931797,-0.5112846493721008,0.0001407009403919801,0.00013862154446542263,0.0,0.0,0.0,0.0,0.0,0.0,0.0,0.0,0.0,,,,,,,,,,,,,,,,
881,0.000246357754804194,-0.5094540119171143,0.00012629148841369897,0.00012006627366645262,0.0,0.0,0.0,0.0,0.0,0.0,0.0,0.0,0.0,,,,,,,,,,,,,,,,
882,0.00024519849102944136,-0.5091924071311951,0.0001257137191714719,0.00011948476458201185,0.0,0.0,0.0,0.0,0.0,0.0,0.0,0.0,0.0,,,,,,,,,,,,,,,,
883,0.00027790796593762934,-0.5098721385002136,0.0001387943048030138,0.00013911366113461554,0.0,0.0,0.0,0.0,0.0,0.0,0.0,0.0,0.0,,,,,,,,,,,,,,,,
884,0.00023009325377643108,-0.5125523209571838,0.00011449333396740258,0.00011559991253307089,0.0,0.0,0.0,0.0,0.0,0.0,0.0,0.0,0.0,,,,,,,,,,,,,,,,
885,0.00027821396361105144,-0.5107801556587219,0.00013824105553794652,0.00013997290807310492,0.0,0.0,0.0,0.0,0.0,0.0,0.0,0.0,0.0,,,,,,,,,,,,,,,,
886,0.00025077571626752615,-0.510829746723175,0.00013071601279079914,0.00012005970347672701,0.0,0.0,0.0,0.0,0.0,0.0,0.0,0.0,0.0,,,,,,,,,,,,,,,,
887,0.0002686958177946508,-0.5130227208137512,0.00013429223326966166,0.00013440359907690436,0.0,0.0,0.0,0.0,0.0,0.0,0.0,0.0,0.0,,,,,,,,,,,,,,,,
888,0.0002564715687185526,-0.5135825872421265,0.00013088049308862537,0.000125591061078012,0.0,0.0,0.0,0.0,0.0,0.0,0.0,0.0,0.0,,,,,,,,,,,,,,,,
889,0.00024317624047398567,-0.5116825699806213,0.00012137965677538887,0.00012179659097455442,0.0,0.0,0.0,0.0,0.0,0.0,0.0,0.0,0.0,,,,,,,,,,,,,,,,
890,0.0002586745540611446,-0.5110918283462524,0.00013340670557226986,0.00012526784848887473,0.0,0.0,0.0,0.0,0.0,0.0,0.0,0.0,0.0,,,,,,,,,,,,,,,,
891,0.0002571837976574898,-0.5150771737098694,0.00012952039833180606,0.00012766341387759894,0.0,0.0,0.0,0.0,0.0,0.0,0.0,0.0,0.0,,,,,,,,,,,,,,,,
892,0.00024438032414764166,-0.5145254135131836,0.00012413515651132911,0.00012024518218822777,0.0,0.0,0.0,0.0,0.0,0.0,0.0,0.0,0.0,,,,,,,,,,,,,,,,
893,0.00025737081887200475,-0.5113377571105957,0.00012915072147734463,0.0001282200828427449,0.0,0.0,0.0,0.0,0.0,0.0,0.0,0.0,0.0,,,,,,,,,,,,,,,,
894,0.0002507827593944967,-0.5138099789619446,0.00012531864922493696,0.0001254640956176445,0.0,0.0,0.0,0.0,0.0,0.0,0.0,0.0,0.0,,,,,,,,,,,,,,,,
895,0.0002558379783295095,-0.5165988802909851,0.00013050656707491726,0.000125331396702677,0.0,0.0,0.0,0.0,0.0,0.0,0.0,0.0,0.0,,,,,,,,,,,,,,,,
896,0.0002637890283949673,-0.5129327774047852,0.00013428782403934747,0.00012950121890753508,0.0,0.0,0.0,0.0,0.0,0.0,0.0,0.0,0.0,,,,,,,,,,,,,,,,
897,0.00023096294899005443,-0.5129246711730957,0.00011395838373573497,0.00011700456525431946,0.0,0.0,0.0,0.0,0.0,0.0,0.0,0.0,0.0,,,,,,,,,,,,,,,,
898,0.00026190164498984814,-0.5177556872367859,0.00013071371358819306,0.00013118791684973985,0.0,0.0,0.0,0.0,0.0,0.0,0.0,0.0,0.0,,,,,,,,,,,,,,,,
899,0.0002655592979863286,-0.5181506276130676,0.000133694673422724,0.00013186463911551982,0.0,0.0,0.0,0.0,0.0,0.0,0.0,0.0,0.0,,,,,,,,,,,,,,,,
900,0.00025990878930315375,-0.5168295502662659,0.00013021401537116617,0.00012969475938007236,0.0,0.0,0.0,0.0,0.0,0.0,0.0,0.0,0.0,,,,,,,,,,,,,,,,
901,0.00024283488164655864,-0.5154080390930176,0.00012286266428418458,0.00011997221736237407,0.0,0.0,0.0,0.0,0.0,0.0,0.0,0.0,0.0,,,,,,,,,,,,,,,,
902,0.0002730105770751834,-0.516218900680542,0.0001381391193717718,0.00013487144315149635,0.0,0.0,0.0,0.0,0.0,0.0,0.0,0.0,0.0,,,,,,,,,,,,,,,,
903,0.0002552148071117699,-0.5183770060539246,0.00012770347530022264,0.0001275113463634625,0.0,0.0,0.0,0.0,0.0,0.0,0.0,0.0,0.0,,,,,,,,,,,,,,,,
904,0.0002531198551878333,-0.5181209444999695,0.00012681129737757146,0.00012630855781026185,0.0,0.0,0.0,0.0,0.0,0.0,0.0,0.0,0.0,,,,,,,,,,,,,,,,
905,0.00030142662581056356,-0.5154886245727539,0.00014986115274950862,0.00015156545850913972,0.0,0.0,0.0,0.0,0.0,0.0,0.0,0.0,0.0,,,,,,,,,,,,,,,,
906,0.0002535998937673867,-0.5173758864402771,0.00012600539776030928,0.00012759448145516217,0.0,0.0,0.0,0.0,0.0,0.0,0.0,0.0,0.0,,,,,,,,,,,,,,,,
907,0.00023557950044050813,-0.5217454433441162,0.00011713521234923974,0.000118444295367226,0.0,0.0,0.0,0.0,0.0,0.0,0.0,0.0,0.0,,,,,,,,,,,,,,,,
908,0.00024349233717657626,-0.5169095396995544,0.00012428838817868382,0.00011920395627385005,0.0,0.0,0.0,0.0,0.0,0.0,0.0,0.0,0.0,,,,,,,,,,,,,,,,
909,0.0003018826828338206,-0.5149132609367371,0.0001545276609249413,0.0001473550364607945,0.0,0.0,0.0,0.0,0.0,0.0,0.0,0.0,0.0,,,,,,,,,,,,,,,,
910,0.00023363505897577852,-0.5187668204307556,0.00011821581574622542,0.0001154192432295531,0.0,0.0,0.0,0.0,0.0,0.0,0.0,0.0,0.0,,,,,,,,,,,,,,,,
911,0.00025441974867135286,-0.519951343536377,0.0001283581805182621,0.000126061582705006,0.0,0.0,0.0,0.0,0.0,0.0,0.0,0.0,0.0,,,,,,,,,,,,,,,,
912,0.0002504451258573681,-0.5179451107978821,0.00012468804197851568,0.00012575708387885243,0.0,0.0,0.0,0.0,0.0,0.0,0.0,0.0,0.0,,,,,,,,,,,,,,,,
913,0.00023531896295025945,-0.5193384885787964,0.00011971992353210226,0.00011559903214219958,0.0,0.0,0.0,0.0,0.0,0.0,0.0,0.0,0.0,,,,,,,,,,,,,,,,
914,0.0002604233450256288,-0.524219810962677,0.00013078813208267093,0.00012963521294295788,0.0,0.0,0.0,0.0,0.0,0.0,0.0,0.0,0.0,,,,,,,,,,,,,,,,
915,0.0002703119534999132,-0.5233703255653381,0.00013690741616301239,0.0001334045227849856,0.0,0.0,0.0,0.0,0.0,0.0,0.0,0.0,0.0,,,,,,,,,,,,,,,,
916,0.00024861711426638067,-0.517864465713501,0.0001256638643098995,0.00012295324995648116,0.0,0.0,0.0,0.0,0.0,0.0,0.0,0.0,0.0,,,,,,,,,,,,,,,,
917,0.000325357832480222,-0.5206077694892883,0.00016438771854154766,0.00016097011393867433,0.0,0.0,0.0,0.0,0.0,0.0,0.0,0.0,0.0,,,,,,,,,,,,,,,,
918,0.0003664702526293695,-0.5225263833999634,0.00018406001618131995,0.00018241023644804955,0.0,0.0,0.0,0.0,0.0,0.0,0.0,0.0,0.0,,,,,,,,,,,,,,,,
919,0.00022047928359825164,-0.521683394908905,0.00010911283607129008,0.00011136644752696157,0.0,0.0,0.0,0.0,0.0,0.0,0.0,0.0,0.0,,,,,,,,,,,,,,,,
920,0.0002542162546887994,-0.5216020345687866,0.00012800372496712953,0.00012621252972166985,0.0,0.0,0.0,0.0,0.0,0.0,0.0,0.0,0.0,,,,,,,,,,,,,,,,
921,0.0002424929552944377,-0.5228690505027771,0.00012146983499405906,0.00012102312030037865,0.0,0.0,0.0,0.0,0.0,0.0,0.0,0.0,0.0,,,,,,,,,,,,,,,,
922,0.00023558380780741572,-0.525734543800354,0.00011778619955293834,0.000117797615530435,0.0,0.0,0.0,0.0,0.0,0.0,0.0,0.0,0.0,,,,,,,,,,,,,,,,
923,0.00024716241750866175,-0.5216834545135498,0.00012239230272825807,0.00012477011478040367,0.0,0.0,0.0,0.0,0.0,0.0,0.0,0.0,0.0,,,,,,,,,,,,,,,,
924,0.00023813247389625758,-0.5224596261978149,0.0001183304630103521,0.00011980201088590547,0.0,0.0,0.0,0.0,0.0,0.0,0.0,0.0,0.0,,,,,,,,,,,,,,,,
925,0.00026102617266587913,-0.5235577821731567,0.00013173070328775793,0.0001292954693781212,0.0,0.0,0.0,0.0,0.0,0.0,0.0,0.0,0.0,,,,,,,,,,,,,,,,
926,0.00025657634250819683,-0.5228524208068848,0.00012799554679077119,0.00012858078116551042,0.0,0.0,0.0,0.0,0.0,0.0,0.0,0.0,0.0,,,,,,,,,,,,,,,,
927,0.00032921493402682245,-0.5234569907188416,0.00016826878709252924,0.0001609461469342932,0.0,0.0,0.0,0.0,0.0,0.0,0.0,0.0,0.0,,,,,,,,,,,,,,,,
928,0.00022578374773729593,-0.5260286927223206,0.00011296895536361262,0.0001128147923736833,0.0,0.0,0.0,0.0,0.0,0.0,0.0,0.0,0.0,,,,,,,,,,,,,,,,
929,0.00031785923056304455,-0.5255137085914612,0.0001599519600858912,0.0001579072850290686,0.0,0.0,0.0,0.0,0.0,0.0,0.0,0.0,0.0,,,,,,,,,,,,,,,,
930,0.0002279547043144703,-0.5244044065475464,0.00011448078294051811,0.00011347392137395218,0.0,0.0,0.0,0.0,0.0,0.0,0.0,0.0,0.0,,,,,,,,,,,,,,,,
931,0.00023824389791116118,-0.5262694358825684,0.00012208014959469438,0.00011616375559242442,0.0,0.0,0.0,0.0,0.0,0.0,0.0,0.0,0.0,,,,,,,,,,,,,,,,
932,0.00026903217076323926,-0.5250973105430603,0.00013660018157679588,0.0001324319891864434,0.0,0.0,0.0,0.0,0.0,0.0,0.0,0.0,0.0,,,,,,,,,,,,,,,,
933,0.00023007784329820424,-0.5280218720436096,0.00011453721526777372,0.00011554062803043053,0.0,0.0,0.0,0.0,0.0,0.0,0.0,0.0,0.0,,,,,,,,,,,,,,,,
934,0.00025075284065678716,-0.527199387550354,0.00012791005428880453,0.00012284278636798263,0.0,0.0,0.0,0.0,0.0,0.0,0.0,0.0,0.0,,,,,,,,,,,,,,,,
935,0.00021667004330083728,-0.5244572162628174,0.00011026222637156025,0.00010640780965331942,0.0,0.0,0.0,0.0,0.0,0.0,0.0,0.0,0.0,,,,,,,,,,,,,,,,
936,0.0003253293107263744,-0.52732253074646,0.00016379225417040288,0.0001615370565559715,0.0,0.0,0.0,0.0,0.0,0.0,0.0,0.0,0.0,,,,,,,,,,,,,,,,
937,0.00023892219178378582,-0.5296480059623718,0.00012240737851243466,0.00011651481327135116,0.0,0.0,0.0,0.0,0.0,0.0,0.0,0.0,0.0,,,,,,,,,,,,,,,,
938,0.00024318434589076787,-0.5270336270332336,0.00012140110629843548,0.00012178323959233239,0.0,0.0,0.0,0.0,0.0,0.0,0.0,0.0,0.0,,,,,,,,,,,,,,,,
939,0.00024837831733748317,-0.5270910263061523,0.00012494109978433698,0.0001234372321050614,0.0,0.0,0.0,0.0,0.0,0.0,0.0,0.0,0.0,,,,,,,,,,,,,,,,
940,0.000222202084842138,-0.5310476422309875,0.0001120173983508721,0.00011018468649126589,0.0,0.0,0.0,0.0,0.0,0.0,0.0,0.0,0.0,,,,,,,,,,,,,,,,
941,0.00023468358267564327,-0.5278831720352173,0.00011854996409965679,0.00011613361857598647,0.0,0.0,0.0,0.0,0.0,0.0,0.0,0.0,0.0,,,,,,,,,,,,,,,,
942,0.00027666648384183645,-0.5235102772712708,0.0001399954635417089,0.00013667100574821234,0.0,0.0,0.0,0.0,0.0,0.0,0.0,0.0,0.0,,,,,,,,,,,,,,,,
943,0.0002627772046253085,-0.5285359025001526,0.00013298779958859086,0.00012978939048480242,0.0,0.0,0.0,0.0,0.0,0.0,0.0,0.0,0.0,,,,,,,,,,,,,,,,
944,0.00023709617380518466,-0.5339434742927551,0.00012068551586708054,0.00011641065793810412,0.0,0.0,0.0,0.0,0.0,0.0,0.0,0.0,0.0,,,,,,,,,,,,,,,,
945,0.0002645784988999367,-0.5279735922813416,0.000132114757434465,0.00013246372691355646,0.0,0.0,0.0,0.0,0.0,0.0,0.0,0.0,0.0,,,,,,,,,,,,,,,,
946,0.00024852697970345616,-0.5268257260322571,0.00012356720981188118,0.00012495975533965975,0.0,0.0,0.0,0.0,0.0,0.0,0.0,0.0,0.0,,,,,,,,,,,,,,,,
947,0.00025697372620925307,-0.5338485240936279,0.00012557914305943996,0.00013139458314981312,0.0,0.0,0.0,0.0,0.0,0.0,0.0,0.0,0.0,,,,,,,,,,,,,,,,
948,0.00023635855177417397,-0.5319617986679077,0.00012092074030078948,0.00011543781874934211,0.0,0.0,0.0,0.0,0.0,0.0,0.0,0.0,0.0,,,,,,,,,,,,,,,,
949,0.0003200572682544589,-0.5272396206855774,0.00016121180669870228,0.00015884547610767186,0.0,0.0,0.0,0.0,0.0,0.0,0.0,0.0,0.0,,,,,,,,,,,,,,,,
950,0.00028037530137225986,-0.5306802988052368,0.0001411520061083138,0.00013922330981586128,0.0,0.0,0.0,0.0,0.0,0.0,0.0,0.0,0.0,,,,,,,,,,,,,,,,
951,0.0002241134352516383,-0.5350359678268433,0.00011285494110779837,0.00011125848686788231,0.0,0.0,0.0,0.0,0.0,0.0,0.0,0.0,0.0,,,,,,,,,,,,,,,,
952,0.0002444947022013366,-0.5299618244171143,0.0001237926771864295,0.00012070203229086474,0.0,0.0,0.0,0.0,0.0,0.0,0.0,0.0,0.0,,,,,,,,,,,,,,,,
953,0.00030711956787854433,-0.5281273722648621,0.00015271472511813045,0.00015440482820849866,0.0,0.0,0.0,0.0,0.0,0.0,0.0,0.0,0.0,,,,,,,,,,,,,,,,
954,0.00025257363449782133,-0.5365246534347534,0.00012540943862404674,0.00012716421042568982,0.0,0.0,0.0,0.0,0.0,0.0,0.0,0.0,0.0,,,,,,,,,,,,,,,,
955,0.00024320726515725255,-0.5360265970230103,0.00012125516514061019,0.00012195210729259998,0.0,0.0,0.0,0.0,0.0,0.0,0.0,0.0,0.0,,,,,,,,,,,,,,,,
956,0.0002662579354364425,-0.5273451805114746,0.000134089365019463,0.0001321685704169795,0.0,0.0,0.0,0.0,0.0,0.0,0.0,0.0,0.0,,,,,,,,,,,,,,,,
957,0.0002918774844147265,-0.5318799018859863,0.00014744384679943323,0.00014443362306337804,0.0,0.0,0.0,0.0,0.0,0.0,0.0,0.0,0.0,,,,,,,,,,,,,,,,
958,0.0002246041694888845,-0.5375058054924011,0.00011387412087060511,0.0001107300486182794,0.0,0.0,0.0,0.0,0.0,0.0,0.0,0.0,0.0,,,,,,,,,,,,,,,,
959,0.0002824013354256749,-0.5350176095962524,0.00014145259046927094,0.0001409487595083192,0.0,0.0,0.0,0.0,0.0,0.0,0.0,0.0,0.0,,,,,,,,,,,,,,,,
960,0.00021720968652516603,-0.5317381620407104,0.000110121640318539,0.00010708803893066943,0.0,0.0,0.0,0.0,0.0,0.0,0.0,0.0,0.0,,,,,,,,,,,,,,,,
961,0.0002623448963277042,-0.5355974435806274,0.00013121901429258287,0.0001311258674832061,0.0,0.0,0.0,0.0,0.0,0.0,0.0,0.0,0.0,,,,,,,,,,,,,,,,
962,0.00022817146964371204,-0.5380539894104004,0.00011420158261898905,0.00011396987974876538,0.0,0.0,0.0,0.0,0.0,0.0,0.0,0.0,0.0,,,,,,,,,,,,,,,,
963,0.00023655645782127976,-0.5350237488746643,0.0001183442072942853,0.00011821225780295208,0.0,0.0,0.0,0.0,0.0,0.0,0.0,0.0,0.0,,,,,,,,,,,,,,,,
964,0.0002118059783242643,-0.5315881371498108,0.00010528667189646512,0.00010651929915184155,0.0,0.0,0.0,0.0,0.0,0.0,0.0,0.0,0.0,,,,,,,,,,,,,,,,
965,0.00022613890178035945,-0.5350808501243591,0.00011517743405420333,0.00011096146772615612,0.0,0.0,0.0,0.0,0.0,0.0,0.0,0.0,0.0,,,,,,,,,,,,,,,,
966,0.0002058864338323474,-0.5380426049232483,0.00010430663678562269,0.00010157978977076709,0.0,0.0,0.0,0.0,0.0,0.0,0.0,0.0,0.0,,,,,,,,,,,,,,,,
967,0.0002592595119494945,-0.5344328880310059,0.0001308241335209459,0.00012843537842854857,0.0,0.0,0.0,0.0,0.0,0.0,0.0,0.0,0.0,,,,,,,,,,,,,,,,
968,0.00024715508334338665,-0.5362878441810608,0.00012609268014784902,0.00012106239591958001,0.0,0.0,0.0,0.0,0.0,0.0,0.0,0.0,0.0,,,,,,,,,,,,,,,,
969,0.0002309689298272133,-0.540148913860321,0.0001156428552349098,0.00011532607459230348,0.0,0.0,0.0,0.0,0.0,0.0,0.0,0.0,0.0,,,,,,,,,,,,,,,,
970,0.0002381771628279239,-0.5359587073326111,0.0001208194880746305,0.00011735768202925101,0.0,0.0,0.0,0.0,0.0,0.0,0.0,0.0,0.0,,,,,,,,,,,,,,,,
971,0.00026971660554409027,-0.5347772836685181,0.00013557248166762292,0.00013414413842838258,0.0,0.0,0.0,0.0,0.0,0.0,0.0,0.0,0.0,,,,,,,,,,,,,,,,
972,0.00022142392117530107,-0.539679229259491,0.00011215589620405808,0.00010926803224720061,0.0,0.0,0.0,0.0,0.0,0.0,0.0,0.0,0.0,,,,,,,,,,,,,,,,
973,0.00023525705910287797,-0.5378337502479553,0.00011840549268526956,0.00011685156641760841,0.0,0.0,0.0,0.0,0.0,0.0,0.0,0.0,0.0,,,,,,,,,,,,,,,,
974,0.00021986861247569323,-0.536658525466919,0.00011250578972976655,0.00010736283002188429,0.0,0.0,0.0,0.0,0.0,0.0,0.0,0.0,0.0,,,,,,,,,,,,,,,,
975,0.00022061087656766176,-0.5391132831573486,0.00011298496974632144,0.00010762591409729794,0.0,0.0,0.0,0.0,0.0,0.0,0.0,0.0,0.0,,,,,,,,,,,,,,,,
976,0.00023475881607737392,-0.5407029986381531,0.00011877954239025712,0.0001159792736871168,0.0,0.0,0.0,0.0,0.0,0.0,0.0,0.0,0.0,,,,,,,,,,,,,,,,
977,0.0002481424598954618,-0.5364071130752563,0.0001235385425388813,0.0001246039173565805,0.0,0.0,0.0,0.0,0.0,0.0,0.0,0.0,0.0,,,,,,,,,,,,,,,,
978,0.00023914725170470774,-0.5384054183959961,0.00012071607488906011,0.00011843118409160525,0.0,0.0,0.0,0.0,0.0,0.0,0.0,0.0,0.0,,,,,,,,,,,,,,,,
979,0.00020371307618916035,-0.5415723323822021,0.00010214457870461047,0.00010156849020859227,0.0,0.0,0.0,0.0,0.0,0.0,0.0,0.0,0.0,,,,,,,,,,,,,,,,
980,0.00022752821678295732,-0.539672315120697,0.0001160066167358309,0.00011152160732308403,0.0,0.0,0.0,0.0,0.0,0.0,0.0,0.0,0.0,,,,,,,,,,,,,,,,
981,0.0002408346626907587,-0.5399082899093628,0.00012222383520565927,0.00011861082020914182,0.0,0.0,0.0,0.0,0.0,0.0,0.0,0.0,0.0,,,,,,,,,,,,,,,,
982,0.00021318596554920077,-0.5416871905326843,0.00010916915198322386,0.00010401682084193453,0.0,0.0,0.0,0.0,0.0,0.0,0.0,0.0,0.0,,,,,,,,,,,,,,,,
983,0.00022501079365611076,-0.5408046841621399,0.00011330175766488537,0.00011170903599122539,0.0,0.0,0.0,0.0,0.0,0.0,0.0,0.0,0.0,,,,,,,,,,,,,,,,
984,0.00021743783145211637,-0.5396120548248291,0.00010879265028052032,0.00010864518117159605,0.0,0.0,0.0,0.0,0.0,0.0,0.0,0.0,0.0,,,,,,,,,,,,,,,,
985,0.00021718541393056512,-0.5425940155982971,0.00010839739843504503,0.00010878800821956247,0.0,0.0,0.0,0.0,0.0,0.0,0.0,0.0,0.0,,,,,,,,,,,,,,,,
986,0.00022662956325802952,-0.5425398349761963,0.0001144178822869435,0.00011221168097108603,0.0,0.0,0.0,0.0,0.0,0.0,0.0,0.0,0.0,,,,,,,,,,,,,,,,
987,0.0002274379221489653,-0.5414233803749084,0.00011421793169574812,0.00011321999045321718,0.0,0.0,0.0,0.0,0.0,0.0,0.0,0.0,0.0,,,,,,,,,,,,,,,,
988,0.00022673531202599406,-0.5428999662399292,0.00011436860950198025,0.00011236670979997143,0.0,0.0,0.0,0.0,0.0,0.0,0.0,0.0,0.0,,,,,,,,,,,,,,,,
989,0.0002129440545104444,-0.5435577630996704,0.00010611125617288053,0.00010683280561352149,0.0,0.0,0.0,0.0,0.0,0.0,0.0,0.0,0.0,,,,,,,,,,,,,,,,
990,0.00022744422312825918,-0.5417912602424622,0.00011434907355578616,0.00011309514957247302,0.0,0.0,0.0,0.0,0.0,0.0,0.0,0.0,0.0,,,,,,,,,,,,,,,,
991,0.0002340065548196435,-0.5417153239250183,0.00011901091784238815,0.00011499562970129773,0.0,0.0,0.0,0.0,0.0,0.0,0.0,0.0,0.0,,,,,,,,,,,,,,,,
992,0.00023704342311248183,-0.5470080375671387,0.0001187240777653642,0.00011831935262307525,0.0,0.0,0.0,0.0,0.0,0.0,0.0,0.0,0.0,,,,,,,,,,,,,,,,
993,0.0002374807809246704,-0.5448402166366577,0.00011989604536211118,0.00011758473556255922,0.0,0.0,0.0,0.0,0.0,0.0,0.0,0.0,0.0,,,,,,,,,,,,,,,,
994,0.00022808149515185505,-0.5424404144287109,0.00011538905528141186,0.0001126924398704432,0.0,0.0,0.0,0.0,0.0,0.0,0.0,0.0,0.0,,,,,,,,,,,,,,,,
995,0.00024218886392191052,-0.5436581969261169,0.00011976874520769343,0.00012242011143825948,0.0,0.0,0.0,0.0,0.0,0.0,0.0,0.0,0.0,,,,,,,,,,,,,,,,
996,0.00021362313418649137,-0.5454497933387756,0.00010507562546990812,0.00010854750871658325,0.0,0.0,0.0,0.0,0.0,0.0,0.0,0.0,0.0,,,,,,,,,,,,,,,,
997,0.00020771403796970844,-0.5460150241851807,0.0001052842999342829,0.00010242973075946793,0.0,0.0,0.0,0.0,0.0,0.0,0.0,0.0,0.0,,,,,,,,,,,,,,,,
998,0.00020943395793437958,-0.5456552505493164,0.00010531915177125484,0.00010411480616312474,0.0,0.0,0.0,0.0,0.0,0.0,0.0,0.0,0.0,,,,,,,,,,,,,,,,
999,0.0002240188478026539,-0.5464789271354675,0.00011262327461736277,0.00011139556590933353,0.0,0.0,0.0,0.0,0.0,0.0,0.0,0.0,0.0,,,,,,,,,,,,,,,,
1000,0.0002045638975687325,-0.5482107400894165,0.00010350398224545643,0.00010105992259923369,0.0,0.0,0.0,0.0,0.0,0.0,0.0,0.0,0.0,0.7951722741127014,0.7951722741127014,0.20482772588729858,6.9563751220703125,0.0,0.7512493133544922,4.591792583465576,-0.0,2.518066644668579,0.794980525970459,0.0,0.794980525970459,0.013077881187200546,2.4268221855163574,1.564058616848059,0.06516910903533579
